0 0.6033653846153846 0.2932692307692308 0.03125 0.027644230769230768
0 0.6490384615384616 0.13221153846153846 0.04807692307692308 0.027644230769230768
0 0.7884615384615384 0.06129807692307692 0.036057692307692304 0.02283653846153846
2 0.6262019230769231 0.7920673076923077 0.10096153846153846 0.12139423076923077
2 0.7067307692307693 0.6430288461538461 0.056490384615384616 0.027644230769230768
2 0.8125 0.6610576923076923 0.021634615384615384 0.027644230769230768
2 0.9194711538461539 0.4411057692307692 0.014423076923076924 0.02283653846153846
2 0.7560096153846154 0.08774038461538461 0.016826923076923076 0.020432692307692308
2 0.7331730769230769 0.052884615384615384 0.026442307692307692 0.039663461538461536
2 0.6105769230769231 0.3389423076923077 0.015625 0.019230769230769232
2 0.515625 0.5997596153846154 0.025240384615384616 0.020432692307692308
2 0.4879807692307692 0.5649038461538461 0.016826923076923076 0.025240384615384616
2 0.3137019230769231 0.5841346153846154 0.051682692307692304 0.03125
2 0.49038461538461536 0.4375 0.015625 0.020432692307692308
2 0.38461538461538464 0.3713942307692308 0.016826923076923076 0.020432692307692308
2 0.3557692307692308 0.3329326923076923 0.026442307692307692 0.025240384615384616
2 0.19471153846153846 0.3737980769230769 0.014423076923076924 0.014423076923076924
2 0.056490384615384616 0.4375 0.025240384615384616 0.01201923076923077
2 0.29086538461538464 0.34615384615384615 0.019230769230769232 0.025240384615384616
2 0.9002403846153846 0.23798076923076922 0.046875 0.07932692307692307
2 0.7331730769230769 0.9050480769230769 0.09735576923076923 0.07692307692307693
2 0.8617788461538461 0.9723557692307693 0.0985576923076923 0.054086538461538464
2 0.29086538461538464 0.3088942307692308 0.027644230769230768 0.019230769230769232
2 0.41225961538461536 0.27524038461538464 0.01201923076923077 0.020432692307692308
2 0.009615384615384616 0.42788461538461536 0.016826923076923076 0.014423076923076924
2 0.8185096153846154 0.025240384615384616 0.009615384615384616 0.020432692307692308