0 0.6033653846153846 0.2932692307692308 0.03125 0.025240384615384616
0 0.6502403846153846 0.13581730769230768 0.046875 0.028846153846153848
0 0.7884615384615384 0.06370192307692307 0.036057692307692304 0.02283653846153846
2 0.6225961538461539 0.7956730769230769 0.09254807692307693 0.11658653846153846
2 0.7067307692307693 0.6418269230769231 0.056490384615384616 0.028846153846153848
2 0.8149038461538461 0.6598557692307693 0.020432692307692308 0.025240384615384616
2 0.9206730769230769 0.44350961538461536 0.01201923076923077 0.020432692307692308
2 0.7548076923076923 0.08774038461538461 0.015625 0.025240384615384616
2 0.7331730769230769 0.051682692307692304 0.025240384615384616 0.037259615384615384
2 0.8149038461538461 0.021634615384615384 0.014423076923076924 0.019230769230769232
2 0.6117788461538461 0.3389423076923077 0.014423076923076924 0.019230769230769232
2 0.515625 0.6009615384615384 0.021634615384615384 0.02283653846153846
2 0.4855769230769231 0.5673076923076923 0.015625 0.027644230769230768
2 0.3125 0.5853365384615384 0.05048076923076923 0.028846153846153848
2 0.4879807692307692 0.43990384615384615 0.014423076923076924 0.020432692307692308
2 0.38461538461538464 0.3713942307692308 0.016826923076923076 0.020432692307692308
2 0.35336538461538464 0.3317307692307692 0.027644230769230768 0.02283653846153846
2 0.052884615384615384 0.4387019230769231 0.025240384615384616 0.019230769230769232
2 0.28846153846153844 0.34375 0.020432692307692308 0.025240384615384616
2 0.8978365384615384 0.23677884615384615 0.04567307692307692 0.0733173076923077
2 0.7307692307692307 0.9038461538461539 0.11538461538461539 0.08774038461538461
2 0.859375 0.9735576923076923 0.10336538461538461 0.051682692307692304
2 0.01201923076923077 0.43028846153846156 0.020432692307692308 0.019230769230769232
2 0.28725961538461536 0.31009615384615385 0.026442307692307692 0.016826923076923076