0 0.6153846153846154 0.4567307692307692 0.036057692307692304 0.03365384615384615
0 0.6658653846153846 0.25 0.052884615384615384 0.028846153846153848
0 0.8221153846153846 0.15745192307692307 0.037259615384615384 0.027644230769230768
0 0.5252403846153846 0.03125 0.03125 0.025240384615384616
0 0.6778846153846154 0.03125 0.020432692307692308 0.025240384615384616
2 0.13581730769230768 0.5697115384615384 0.015625 0.019230769230769232
2 0.3605769230769231 0.5625 0.021634615384615384 0.025240384615384616
2 0.3245192307692308 0.5108173076923077 0.025240384615384616 0.025240384615384616
2 0.2439903846153846 0.47836538461538464 0.025240384615384616 0.019230769230769232
2 0.39302884615384615 0.4375 0.010817307692307692 0.025240384615384616
2 0.4807692307692308 0.6574519230769231 0.015625 0.019230769230769232
2 0.6237980769230769 0.5192307692307693 0.01201923076923077 0.02283653846153846
2 0.2668269230769231 0.8653846153846154 0.06850961538461539 0.04807692307692308
2 0.5120192307692307 0.8858173076923077 0.020432692307692308 0.025240384615384616
2 0.8737980769230769 0.9747596153846154 0.014423076923076924 0.020432692307692308
2 0.9867788461538461 0.65625 0.014423076923076924 0.025240384615384616
2 0.7836538461538461 0.19110576923076922 0.016826923076923076 0.028846153846153848
2 0.7560096153846154 0.14423076923076922 0.027644230769230768 0.04807692307692308
2 0.8521634615384616 0.10576923076923077 0.014423076923076924 0.019230769230769232
2 0.2512019230769231 0.5300480769230769 0.020432692307692308 0.027644230769230768
2 0.9543269230769231 0.38341346153846156 0.051682692307692304 0.09615384615384616