0 0.6189903846153846 0.515625 0.036057692307692304 0.039663461538461536
0 0.671875 0.2920673076923077 0.056490384615384616 0.03365384615384615
0 0.8317307692307693 0.18990384615384615 0.040865384615384616 0.028846153846153848
0 0.5252403846153846 0.056490384615384616 0.03245192307692308 0.025240384615384616
0 0.6814903846153846 0.054086538461538464 0.019230769230769232 0.025240384615384616
2 0.5120192307692307 0.984375 0.026442307692307692 0.03125
2 0.47475961538461536 0.9375 0.014423076923076924 0.037259615384615384
2 0.24639423076923078 0.9615384615384616 0.04807692307692308 0.04326923076923077
2 0.47836538461538464 0.734375 0.015625 0.03125
2 0.6298076923076923 0.5793269230769231 0.015625 0.020432692307692308
2 0.3545673076923077 0.6310096153846154 0.021634615384615384 0.03365384615384615
2 0.3173076923076923 0.5721153846153846 0.03125 0.03125
2 0.234375 0.5348557692307693 0.037259615384615384 0.019230769230769232
2 0.11899038461538461 0.6346153846153846 0.014423076923076924 0.02283653846153846
2 0.3870192307692308 0.4891826923076923 0.01201923076923077 0.025240384615384616
2 0.7920673076923077 0.22956730769230768 0.019230769230769232 0.03365384615384615
2 0.765625 0.17427884615384615 0.027644230769230768 0.04807692307692308
2 0.8653846153846154 0.13581730769230768 0.010817307692307692 0.016826923076923076
2 0.2403846153846154 0.5901442307692307 0.020432692307692308 0.025240384615384616
2 0.9723557692307693 0.43149038461538464 0.052884615384615384 0.09975961538461539
2 0.037259615384615384 0.23076923076923078 0.015625 0.025240384615384616