0 0.6298076923076923 0.6959134615384616 0.040865384615384616 0.04567307692307692
0 0.6850961538461539 0.41586538461538464 0.06370192307692307 0.039663461538461536
0 0.8581730769230769 0.2932692307692308 0.04807692307692308 0.03365384615384615
0 0.5228365384615384 0.13701923076923078 0.036057692307692304 0.027644230769230768
0 0.6911057692307693 0.1346153846153846 0.025240384615384616 0.027644230769230768
2 0.0625 0.8509615384615384 0.015625 0.019230769230769232
2 0.47115384615384615 0.9771634615384616 0.014423076923076924 0.025240384615384616
2 0.640625 0.7776442307692307 0.015625 0.020432692307692308
2 0.328125 0.84375 0.019230769230769232 0.025240384615384616
2 0.2848557692307692 0.7680288461538461 0.03485576923076923 0.03125
2 0.1935096153846154 0.7223557692307693 0.03485576923076923 0.020432692307692308
2 0.36778846153846156 0.6646634615384616 0.01201923076923077 0.025240384615384616
2 0.8161057692307693 0.3389423076923077 0.021634615384615384 0.03485576923076923
2 0.7848557692307693 0.2776442307692308 0.03485576923076923 0.06490384615384616
2 0.890625 0.2247596153846154 0.015625 0.016826923076923076
2 0.1971153846153846 0.7944711538461539 0.026442307692307692 0.04326923076923077
2 0.9927884615384616 0.5384615384615384 0.014423076923076924 0.039663461538461536