0 0.6334134615384616 0.7271634615384616 0.042067307692307696 0.04567307692307692
0 0.6887019230769231 0.4362980769230769 0.06129807692307692 0.039663461538461536
0 0.8629807692307693 0.31009615384615385 0.042067307692307696 0.03365384615384615
0 0.5240384615384616 0.14903846153846154 0.03485576923076923 0.027644230769230768
0 0.6947115384615384 0.14543269230769232 0.02403846153846154 0.025240384615384616
2 0.3245192307692308 0.8786057692307693 0.025240384615384616 0.03485576923076923
2 0.28365384615384615 0.8016826923076923 0.03245192307692308 0.037259615384615384
2 0.1935096153846154 0.7536057692307693 0.04326923076923077 0.02283653846153846
2 0.36538461538461536 0.6911057692307693 0.015625 0.03125
2 0.6442307692307693 0.8088942307692307 0.015625 0.02283653846153846
2 0.8221153846153846 0.35697115384615385 0.019230769230769232 0.03125
2 0.7896634615384616 0.29447115384615385 0.03245192307692308 0.06009615384615385
2 0.8966346153846154 0.24278846153846154 0.014423076923076924 0.019230769230769232
2 0.1935096153846154 0.8269230769230769 0.02403846153846154 0.03365384615384615