0 0.6418269230769231 0.8798076923076923 0.04567307692307692 0.051682692307692304
0 0.6983173076923077 0.5384615384615384 0.06610576923076923 0.04326923076923077
0 0.8846153846153846 0.3942307692307692 0.04807692307692308 0.037259615384615384
0 0.5216346153846154 0.21033653846153846 0.038461538461538464 0.028846153846153848
0 0.7019230769230769 0.20793269230769232 0.027644230769230768 0.028846153846153848
2 0.6526442307692307 0.9819711538461539 0.015625 0.02283653846153846
2 0.25841346153846156 0.9723557692307693 0.03245192307692308 0.03125
2 0.15865384615384615 0.9086538461538461 0.042067307692307696 0.025240384615384616
2 0.34975961538461536 0.8449519230769231 0.010817307692307692 0.03485576923076923
2 0.8401442307692307 0.4423076923076923 0.021634615384615384 0.03485576923076923
2 0.8064903846153846 0.3713942307692308 0.037259615384615384 0.06850961538461539
2 0.9170673076923077 0.3161057692307692 0.015625 0.025240384615384616
2 0.19951923076923078 0.9230769230769231 0.015625 0.020432692307692308
2 0.15625 0.9891826923076923 0.021634615384615384 0.020432692307692308