0 0.7247596153846154 0.7896634615384616 0.07451923076923077 0.05889423076923077
0 0.9350961538461539 0.5913461538461539 0.04567307692307692 0.04567307692307692
0 0.5192307692307693 0.3557692307692308 0.040865384615384616 0.037259615384615384
0 0.7199519230769231 0.34975961538461536 0.026442307692307692 0.03365384615384615
0 0.5733173076923077 0.07211538461538461 0.021634615384615384 0.02283653846153846
2 0.29927884615384615 0.040865384615384616 0.010817307692307692 0.019230769230769232
2 0.5300480769230769 0.01201923076923077 0.01201923076923077 0.020432692307692308
2 0.8870192307692307 0.6634615384615384 0.025240384615384616 0.04326923076923077
2 0.8425480769230769 0.5588942307692307 0.04567307692307692 0.09735576923076923
2 0.96875 0.4879807692307692 0.015625 0.02283653846153846
2 0.7427884615384616 0.2668269230769231 0.019230769230769232 0.016826923076923076
2 0.6814903846153846 0.3786057692307692 0.01201923076923077 0.020432692307692308
2 0.2644230769230769 0.4483173076923077 0.010817307692307692 0.020432692307692308