0 0.7355769230769231 0.8713942307692307 0.07932692307692307 0.07091346153846154
0 0.9543269230769231 0.6514423076923077 0.051682692307692304 0.04807692307692308
0 0.515625 0.39663461538461536 0.046875 0.039663461538461536
0 0.7259615384615384 0.390625 0.027644230769230768 0.03485576923076923
0 0.5733173076923077 0.09615384615384616 0.025240384615384616 0.028846153846153848
0 0.6598557692307693 0.019230769230769232 0.02403846153846154 0.019230769230769232
2 0.9026442307692307 0.7271634615384616 0.025240384615384616 0.05048076923076923
2 0.8557692307692307 0.6213942307692307 0.05048076923076923 0.09975961538461539
2 0.9855769230769231 0.5372596153846154 0.01201923076923077 0.025240384615384616
2 0.2932692307692308 0.06610576923076923 0.009615384615384616 0.016826923076923076
2 0.53125 0.03245192307692308 0.015625 0.027644230769230768
2 0.6838942307692307 0.4230769230769231 0.007211538461538462 0.016826923076923076
2 0.7463942307692307 0.3004807692307692 0.021634615384615384 0.02283653846153846
2 0.7367788461538461 0.21153846153846154 0.014423076923076924 0.019230769230769232
2 0.6899038461538461 0.23557692307692307 0.014423076923076924 0.025240384615384616