0 0.9819711538461539 0.8064903846153846 0.036057692307692304 0.06009615384615385
0 0.515625 0.5048076923076923 0.046875 0.051682692307692304
0 0.7427884615384616 0.49759615384615385 0.026442307692307692 0.037259615384615384
0 0.5793269230769231 0.15865384615384615 0.026442307692307692 0.025240384615384616
0 0.6670673076923077 0.06850961538461539 0.027644230769230768 0.025240384615384616
0 0.44711538461538464 0.021634615384615384 0.02403846153846154 0.027644230769230768
2 0.9435096153846154 0.8966346153846154 0.020432692307692308 0.04326923076923077
2 0.8870192307692307 0.7740384615384616 0.052884615384615384 0.11899038461538461
2 0.28125 0.12139423076923077 0.01201923076923077 0.014423076923076924
2 0.53125 0.0889423076923077 0.015625 0.02283653846153846
2 0.7644230769230769 0.3942307692307692 0.02403846153846154 0.016826923076923076
2 0.7019230769230769 0.3125 0.014423076923076924 0.037259615384615384