0 0.9915865384615384 0.8786057692307693 0.016826923076923076 0.056490384615384616
0 0.5144230769230769 0.5504807692307693 0.04807692307692308 0.04807692307692308
0 0.7475961538461539 0.5432692307692307 0.030048076923076924 0.042067307692307696
0 0.5769230769230769 0.18509615384615385 0.025240384615384616 0.028846153846153848
0 0.6682692307692307 0.09375 0.030048076923076924 0.025240384615384616
0 0.44591346153846156 0.04447115384615385 0.020432692307692308 0.027644230769230768
2 0.9591346153846154 0.9723557692307693 0.02403846153846154 0.054086538461538464
2 0.9002403846153846 0.8377403846153846 0.05889423076923077 0.13341346153846154
2 0.5276442307692307 0.109375 0.015625 0.02283653846153846
2 0.2704326923076923 0.1466346153846154 0.01201923076923077 0.019230769230769232
2 0.7692307692307693 0.43028846153846156 0.026442307692307692 0.02283653846153846
2 0.7067307692307693 0.3473557692307692 0.020432692307692308 0.04567307692307692