0 0.5120192307692307 0.7091346153846154 0.055288461538461536 0.06009615384615385
0 0.7716346153846154 0.6971153846153846 0.037259615384615384 0.051682692307692304
0 0.5817307692307693 0.27163461538461536 0.03125 0.03125
0 0.6754807692307693 0.1622596153846154 0.03125 0.025240384615384616
0 0.4387019230769231 0.10576923076923077 0.02403846153846154 0.03125
0 0.6117788461538461 0.018028846153846152 0.020432692307692308 0.03125
2 0.9182692307692307 0.9867788461538461 0.014423076923076924 0.026442307692307692
2 0.5276442307692307 0.18509615384615385 0.015625 0.025240384615384616
2 0.25 0.2247596153846154 0.015625 0.020432692307692308
2 0.71875 0.45913461538461536 0.015625 0.039663461538461536
2 0.7908653846153846 0.5600961538461539 0.020432692307692308 0.016826923076923076