0 0.5108173076923077 0.7740384615384616 0.056490384615384616 0.06009615384615385
0 0.7800480769230769 0.7620192307692307 0.03245192307692308 0.054086538461538464
0 0.5805288461538461 0.3088942307692308 0.026442307692307692 0.03125
0 0.6778846153846154 0.19471153846153846 0.030048076923076924 0.02283653846153846
0 0.4326923076923077 0.1346153846153846 0.021634615384615384 0.03125
0 0.609375 0.040865384615384616 0.021634615384615384 0.03485576923076923
0 0.7572115384615384 0.009615384615384616 0.03245192307692308 0.014423076923076924
2 0.24278846153846154 0.26322115384615385 0.010817307692307692 0.02283653846153846
2 0.5252403846153846 0.21634615384615385 0.019230769230769232 0.03365384615384615
2 0.7235576923076923 0.5036057692307693 0.015625 0.04807692307692308
2 0.7992788461538461 0.6153846153846154 0.02403846153846154 0.019230769230769232
2 0.16346153846153846 0.9435096153846154 0.010817307692307692 0.020432692307692308