0 0.5144230769230769 0.8209134615384616 0.055288461538461536 0.06610576923076923
0 0.7920673076923077 0.8149038461538461 0.037259615384615384 0.054086538461538464
0 0.5901442307692307 0.3329326923076923 0.027644230769230768 0.028846153846153848
0 0.6899038461538461 0.21153846153846154 0.036057692307692304 0.027644230769230768
0 0.4387019230769231 0.14543269230769232 0.021634615384615384 0.028846153846153848
0 0.6189903846153846 0.05048076923076923 0.020432692307692308 0.037259615384615384
0 0.7716346153846154 0.014423076923076924 0.03485576923076923 0.016826923076923076
2 0.2439903846153846 0.2776442307692308 0.01201923076923077 0.019230769230769232
2 0.5348557692307693 0.23557692307692307 0.019230769230769232 0.028846153846153848
2 0.7355769230769231 0.5372596153846154 0.01201923076923077 0.04567307692307692
2 0.8137019230769231 0.6550480769230769 0.025240384615384616 0.02283653846153846