0 0.7752403846153846 0.2776442307692308 0.055288461538461536 0.054086538461538464
0 0.6862980769230769 0.0829326923076923 0.0625 0.05048076923076923
0 0.7379807692307693 0.04807692307692308 0.046875 0.03365384615384615
2 0.39903846153846156 0.8990384615384616 0.025240384615384616 0.02283653846153846
2 0.5985576923076923 0.8677884615384616 0.025240384615384616 0.051682692307692304
2 0.6706730769230769 0.8509615384615384 0.020432692307692308 0.051682692307692304
2 0.7151442307692307 0.3894230769230769 0.15264423076923078 0.1502403846153846
2 0.8629807692307693 0.5048076923076923 0.078125 0.051682692307692304
2 0.47596153846153844 0.21514423076923078 0.030048076923076924 0.027644230769230768
2 0.9807692307692307 0.078125 0.03485576923076923 0.06009615384615385
2 0.8894230769230769 0.7548076923076923 0.06129807692307692 0.23076923076923078