0 0.7788461538461539 0.2860576923076923 0.055288461538461536 0.051682692307692304
0 0.6838942307692307 0.09014423076923077 0.0625 0.054086538461538464
0 0.7415865384615384 0.056490384615384616 0.04807692307692308 0.03365384615384615
2 0.39903846153846156 0.9194711538461539 0.026442307692307692 0.03125
2 0.6033653846153846 0.8942307692307693 0.019230769230769232 0.037259615384615384
2 0.6754807692307693 0.8810096153846154 0.015625 0.037259615384615384
2 0.7367788461538461 0.41947115384615385 0.13942307692307693 0.13581730769230768
2 0.8786057692307693 0.5204326923076923 0.09735576923076923 0.0625
2 0.4807692307692308 0.2247596153846154 0.036057692307692304 0.025240384615384616
2 0.9807692307692307 0.08533653846153846 0.03485576923076923 0.054086538461538464
2 0.8894230769230769 0.7620192307692307 0.055288461538461536 0.20673076923076922