0 0.7776442307692307 0.31850961538461536 0.057692307692307696 0.054086538461538464
0 0.6814903846153846 0.109375 0.0625 0.051682692307692304
0 0.7379807692307693 0.07451923076923077 0.051682692307692304 0.03485576923076923
2 0.5961538461538461 0.9795673076923077 0.019230769230769232 0.040865384615384616
2 0.6778846153846154 0.9651442307692307 0.016826923076923076 0.051682692307692304
2 0.890625 0.7932692307692307 0.037259615384615384 0.15384615384615385
2 0.9254807692307693 0.9435096153846154 0.03125 0.10817307692307693
2 0.7307692307692307 0.4579326923076923 0.12980769230769232 0.13341346153846154
2 0.8762019230769231 0.5685096153846154 0.08413461538461539 0.054086538461538464
2 0.46875 0.25841346153846156 0.037259615384615384 0.028846153846153848
2 0.9855769230769231 0.10216346153846154 0.027644230769230768 0.05889423076923077