0 0.765625 0.4951923076923077 0.06850961538461539 0.06850961538461539
0 0.6394230769230769 0.22956730769230768 0.06971153846153846 0.0625
0 0.6971153846153846 0.17067307692307693 0.05889423076923077 0.042067307692307696
2 0.8221153846153846 0.013221153846153846 0.021634615384615384 0.02283653846153846
2 0.7247596153846154 0.6971153846153846 0.16826923076923078 0.1814903846153846
2 0.8810096153846154 0.8293269230769231 0.06370192307692307 0.04567307692307692
2 0.4014423076923077 0.4411057692307692 0.046875 0.03365384615384615
2 0.5588942307692307 0.4423076923076923 0.010817307692307692 0.019230769230769232
2 0.5865384615384616 0.4723557692307692 0.016826923076923076 0.019230769230769232
2 0.9783653846153846 0.1875 0.04326923076923077 0.07091346153846154
2 0.44711538461538464 0.2283653846153846 0.021634615384615384 0.02283653846153846
2 0.47836538461538464 0.265625 0.01201923076923077 0.019230769230769232
2 0.38822115384615385 0.23677884615384615 0.016826923076923076 0.02283653846153846