0 0.7716346153846154 0.5204326923076923 0.06971153846153846 0.07451923076923077
0 0.6430288461538461 0.24519230769230768 0.0733173076923077 0.06009615384615385
0 0.7019230769230769 0.18389423076923078 0.057692307692307696 0.04326923076923077
2 0.8269230769230769 0.016826923076923076 0.020432692307692308 0.028846153846153848
2 0.7355769230769231 0.7403846153846154 0.16706730769230768 0.18509615384615385
2 0.40024038461538464 0.46634615384615385 0.04326923076923077 0.03365384615384615
2 0.9819711538461539 0.20552884615384615 0.036057692307692304 0.07451923076923077
2 0.5612980769230769 0.4699519230769231 0.009615384615384616 0.019230769230769232
2 0.5877403846153846 0.5 0.020432692307692308 0.020432692307692308
2 0.3870192307692308 0.25240384615384615 0.016826923076923076 0.020432692307692308
2 0.453125 0.24879807692307693 0.015625 0.019230769230769232