0 0.7800480769230769 0.5528846153846154 0.07211538461538461 0.08173076923076923
0 0.6478365384615384 0.2668269230769231 0.07692307692307693 0.0625
0 0.7067307692307693 0.20552884615384615 0.06129807692307692 0.04807692307692308
2 0.8317307692307693 0.025240384615384616 0.021634615384615384 0.037259615384615384
2 0.9855769230769231 0.21875 0.027644230769230768 0.07451923076923077
2 0.7283653846153846 0.7632211538461539 0.1658653846153846 0.18990384615384615
2 0.8966346153846154 0.9182692307692307 0.05889423076923077 0.04326923076923077
2 0.39903846153846156 0.4951923076923077 0.04567307692307692 0.039663461538461536
2 0.38461538461538464 0.27283653846153844 0.021634615384615384 0.028846153846153848
2 0.44711538461538464 0.2668269230769231 0.025240384615384616 0.025240384615384616
2 0.5637019230769231 0.49399038461538464 0.01201923076923077 0.020432692307692308
2 0.59375 0.5300480769230769 0.019230769230769232 0.019230769230769232
2 0.9182692307692307 0.006009615384615385 0.01201923076923077 0.008413461538461538