0 0.7908653846153846 0.6286057692307693 0.07451923076923077 0.08533653846153846
0 0.6490384615384616 0.3161057692307692 0.07932692307692307 0.0625
0 0.7115384615384616 0.24759615384615385 0.05889423076923077 0.04567307692307692
0 0.6514423076923077 0.02403846153846154 0.03125 0.02283653846153846
2 0.8401442307692307 0.05889423076923077 0.02403846153846154 0.037259615384615384
2 0.9254807692307693 0.03125 0.01201923076923077 0.01201923076923077
2 0.6995192307692307 0.8305288461538461 0.09735576923076923 0.13581730769230768
2 0.390625 0.5649038461538461 0.046875 0.037259615384615384
2 0.5637019230769231 0.5661057692307693 0.010817307692307692 0.02283653846153846
2 0.5925480769230769 0.5997596153846154 0.019230769230769232 0.020432692307692308
2 0.44350961538461536 0.3161057692307692 0.020432692307692308 0.019230769230769232
2 0.3786057692307692 0.3233173076923077 0.019230769230769232 0.028846153846153848
2 0.47475961538461536 0.3557692307692308 0.014423076923076924 0.025240384615384616
2 0.9927884615384616 0.24519230769230768 0.014423076923076924 0.04326923076923077