0 0.7800480769230769 0.7355769230769231 0.07932692307692307 0.09975961538461539
0 0.6201923076923077 0.3942307692307692 0.08173076923076923 0.0733173076923077
0 0.6838942307692307 0.3112980769230769 0.0673076923076923 0.04807692307692308
0 0.6153846153846154 0.06610576923076923 0.03245192307692308 0.02283653846153846
2 0.8088942307692307 0.09495192307692307 0.015625 0.027644230769230768
2 0.8966346153846154 0.06009615384615385 0.015625 0.016826923076923076
2 0.6658653846153846 0.9459134615384616 0.0673076923076923 0.09975961538461539
2 0.3485576923076923 0.6911057692307693 0.052884615384615384 0.04567307692307692
2 0.5348557692307693 0.6838942307692307 0.014423076923076924 0.027644230769230768
2 0.5697115384615384 0.7223557692307693 0.019230769230769232 0.025240384615384616
2 0.3317307692307692 0.4110576923076923 0.020432692307692308 0.03125
2 0.9855769230769231 0.3161057692307692 0.027644230769230768 0.09134615384615384