0 0.765625 0.765625 0.08173076923076923 0.10576923076923077
0 0.5949519230769231 0.4182692307692308 0.07932692307692307 0.07692307692307693
0 0.6538461538461539 0.3269230769230769 0.06129807692307692 0.042067307692307696
0 0.5805288461538461 0.07572115384615384 0.03245192307692308 0.02283653846153846
2 0.7776442307692307 0.10096153846153846 0.02403846153846154 0.03125
2 0.8641826923076923 0.06370192307692307 0.015625 0.019230769230769232
2 0.6358173076923077 0.9651442307692307 0.037259615384615384 0.06610576923076923
2 0.31971153846153844 0.7403846153846154 0.04807692307692308 0.04326923076923077
2 0.5144230769230769 0.7211538461538461 0.016826923076923076 0.025240384615384616
2 0.5504807692307693 0.7620192307692307 0.021634615384615384 0.025240384615384616
2 0.9651442307692307 0.31850961538461536 0.051682692307692304 0.09134615384615384