0 0.7560096153846154 0.8016826923076923 0.08653846153846154 0.11298076923076923
0 0.5721153846153846 0.4423076923076923 0.08413461538461539 0.08173076923076923
0 0.6358173076923077 0.34615384615384615 0.06850961538461539 0.05048076923076923
0 0.5504807692307693 0.0889423076923077 0.030048076923076924 0.03125
2 0.4963942307692308 0.5973557692307693 0.015625 0.025240384615384616
2 0.6286057692307693 0.4639423076923077 0.014423076923076924 0.019230769230769232
2 0.75 0.10817307692307693 0.03125 0.037259615384615384
2 0.7740384615384616 0.15504807692307693 0.014423076923076924 0.02283653846153846
2 0.8341346153846154 0.07091346153846154 0.016826923076923076 0.020432692307692308
2 0.3004807692307692 0.796875 0.057692307692307696 0.039663461538461536
2 0.4987980769230769 0.7668269230769231 0.015625 0.025240384615384616
2 0.5372596153846154 0.8052884615384616 0.019230769230769232 0.019230769230769232
2 0.9423076923076923 0.3317307692307692 0.056490384615384616 0.08774038461538461