0 0.7512019230769231 0.8557692307692307 0.08774038461538461 0.125
0 0.5588942307692307 0.47475961538461536 0.08413461538461539 0.0829326923076923
0 0.6177884615384616 0.37259615384615385 0.08653846153846154 0.054086538461538464
0 0.5324519230769231 0.10817307692307693 0.03245192307692308 0.03365384615384615
2 0.4831730769230769 0.6418269230769231 0.020432692307692308 0.025240384615384616
2 0.6189903846153846 0.4951923076923077 0.01201923076923077 0.02283653846153846
2 0.7608173076923077 0.16826923076923078 0.015625 0.025240384615384616
2 0.7367788461538461 0.12860576923076922 0.030048076923076924 0.04807692307692308
2 0.8185096153846154 0.08173076923076923 0.01201923076923077 0.02283653846153846
2 0.2848557692307692 0.8641826923076923 0.06129807692307692 0.04567307692307692
2 0.49038461538461536 0.8233173076923077 0.016826923076923076 0.028846153846153848
2 0.9350961538461539 0.35096153846153844 0.057692307692307696 0.09375