0 0.7776442307692307 0.984375 0.03485576923076923 0.03125
0 0.5588942307692307 0.5901442307692307 0.09375 0.09014423076923077
0 0.6213942307692307 0.4651442307692308 0.0829326923076923 0.06009615384615385
0 0.5276442307692307 0.1658653846153846 0.036057692307692304 0.03125
0 0.3245192307692308 0.037259615384615384 0.046875 0.037259615384615384
0 0.6153846153846154 0.019230769230769232 0.051682692307692304 0.03125
2 0.6213942307692307 0.6117788461538461 0.015625 0.03125
2 0.7716346153846154 0.23317307692307693 0.016826923076923076 0.025240384615384616
2 0.7379807692307693 0.18269230769230768 0.025240384615384616 0.04326923076923077
2 0.8305288461538461 0.13581730769230768 0.010817307692307692 0.016826923076923076
2 0.21875 0.6502403846153846 0.021634615384615384 0.03365384615384615
2 0.3088942307692308 0.6334134615384616 0.019230769230769232 0.025240384615384616
2 0.3473557692307692 0.6875 0.019230769230769232 0.025240384615384616
2 0.9591346153846154 0.4411057692307692 0.05889423076923077 0.11057692307692307
2 0.7271634615384616 0.01201923076923077 0.010817307692307692 0.01201923076923077