0 0.5576923076923077 0.6430288461538461 0.09735576923076923 0.09375
0 0.625 0.5108173076923077 0.07211538461538461 0.054086538461538464
0 0.5240384615384616 0.19110576923076922 0.03245192307692308 0.03485576923076923
0 0.31850961538461536 0.056490384615384616 0.046875 0.037259615384615384
0 0.6081730769230769 0.036057692307692304 0.04326923076923077 0.03125
2 0.6274038461538461 0.6646634615384616 0.016826923076923076 0.028846153846153848
2 0.7752403846153846 0.26322115384615385 0.021634615384615384 0.03485576923076923
2 0.7439903846153846 0.20673076923076922 0.03125 0.04807692307692308
2 0.8365384615384616 0.15865384615384615 0.01201923076923077 0.016826923076923076
2 0.20673076923076922 0.6442307692307693 0.03485576923076923 0.025240384615384616
2 0.21153846153846154 0.7067307692307693 0.025240384615384616 0.03485576923076923
2 0.9723557692307693 0.47836538461538464 0.052884615384615384 0.11057692307692307
2 0.7319711538461539 0.030048076923076924 0.014423076923076924 0.014423076923076924
2 0.6850961538461539 0.1141826923076923 0.010817307692307692 0.020432692307692308
2 0.7199519230769231 0.15985576923076922 0.010817307692307692 0.020432692307692308
2 0.9302884615384616 0.15264423076923078 0.010817307692307692 0.019230769230769232