0 0.5588942307692307 0.6875 0.0985576923076923 0.09975961538461539
0 0.6310096153846154 0.546875 0.07932692307692307 0.056490384615384616
0 0.5264423076923077 0.21153846153846154 0.03125 0.03125
0 0.3137019230769231 0.0733173076923077 0.046875 0.037259615384615384
0 0.6117788461538461 0.046875 0.042067307692307696 0.03125
2 0.4723557692307692 0.9098557692307693 0.019230769230769232 0.03365384615384615
2 0.6310096153846154 0.7079326923076923 0.014423076923076924 0.025240384615384616
2 0.33413461538461536 0.7908653846153846 0.020432692307692308 0.03125
2 0.29086538461538464 0.7259615384615384 0.025240384615384616 0.027644230769230768
2 0.3629807692307692 0.6201923076923077 0.010817307692307692 0.027644230769230768
2 0.78125 0.2848557692307692 0.019230769230769232 0.03365384615384615
2 0.7463942307692307 0.22956730769230768 0.036057692307692304 0.054086538461538464
2 0.8425480769230769 0.17548076923076922 0.014423076923076924 0.019230769230769232
2 0.9735576923076923 0.5024038461538461 0.052884615384615384 0.10576923076923077
2 0.203125 0.7548076923076923 0.027644230769230768 0.039663461538461536
2 0.7331730769230769 0.04326923076923077 0.010817307692307692 0.016826923076923076