0 0.5661057692307693 0.8317307692307693 0.10576923076923077 0.11057692307692307
0 0.6334134615384616 0.6610576923076923 0.09495192307692307 0.06850961538461539
0 0.5288461538461539 0.28365384615384615 0.03245192307692308 0.028846153846153848
0 0.30649038461538464 0.12860576923076922 0.04567307692307692 0.039663461538461536
0 0.6177884615384616 0.10697115384615384 0.04326923076923077 0.027644230769230768
2 0.640625 0.8521634615384616 0.021634615384615384 0.025240384615384616
2 0.31850961538461536 0.9459134615384616 0.020432692307692308 0.037259615384615384
2 0.26802884615384615 0.8665865384615384 0.036057692307692304 0.03365384615384615
2 0.35336538461538464 0.7475961538461539 0.015625 0.03365384615384615
2 0.8004807692307693 0.3641826923076923 0.019230769230769232 0.025240384615384616
2 0.7620192307692307 0.3016826923076923 0.03485576923076923 0.05889423076923077
2 0.8629807692307693 0.24158653846153846 0.015625 0.016826923076923076
2 0.17427884615384615 0.8966346153846154 0.02403846153846154 0.039663461538461536
2 0.17668269230769232 0.8257211538461539 0.03485576923076923 0.027644230769230768
2 0.7451923076923077 0.09495192307692307 0.01201923076923077 0.014423076923076924
2 0.9627403846153846 0.23317307692307693 0.014423076923076924 0.020432692307692308