0 0.6033653846153846 0.9290865384615384 0.06610576923076923 0.10817307692307693
0 0.9543269230769231 0.43028846153846156 0.03245192307692308 0.03485576923076923
0 0.6899038461538461 0.3737980769230769 0.036057692307692304 0.04326923076923077
0 0.9951923076923077 0.171875 0.009615384615384616 0.014423076923076924
2 0.6622596153846154 0.3918269230769231 0.01201923076923077 0.025240384615384616
2 0.10336538461538461 0.2980769230769231 0.015625 0.025240384615384616
2 0.16105769230769232 0.0733173076923077 0.01201923076923077 0.016826923076923076
2 0.18870192307692307 0.009615384615384616 0.01201923076923077 0.014423076923076924
2 0.9675480769230769 0.6189903846153846 0.014423076923076924 0.025240384615384616
2 0.36899038461538464 0.1935096153846154 0.009615384615384616 0.025240384615384616
2 0.20192307692307693 0.006009615384615385 0.010817307692307692 0.008413461538461538
2 0.4807692307692308 0.02283653846153846 0.02403846153846154 0.028846153846153848