0 0.9867788461538461 0.4254807692307692 0.026442307692307692 0.05048076923076923
2 0.8942307692307693 0.6826923076923077 0.021634615384615384 0.02283653846153846
2 0.6971153846153846 0.5348557692307693 0.03485576923076923 0.04326923076923077
2 0.7596153846153846 0.2848557692307692 0.025240384615384616 0.028846153846153848
2 0.8161057692307693 0.33653846153846156 0.025240384615384616 0.03125
2 0.8365384615384616 0.3942307692307692 0.014423076923076924 0.02283653846153846
2 0.9182692307692307 0.5168269230769231 0.014423076923076924 0.020432692307692308
2 0.5 0.2608173076923077 0.015625 0.020432692307692308
2 0.53125 0.2848557692307692 0.015625 0.02283653846153846
2 0.9387019230769231 0.9387019230769231 0.046875 0.12259615384615384
2 0.8713942307692307 0.6334134615384616 0.015625 0.025240384615384616