0 0.9867788461538461 0.42427884615384615 0.026442307692307692 0.04567307692307692
2 0.8942307692307693 0.6826923076923077 0.021634615384615384 0.02283653846153846
2 0.6971153846153846 0.5348557692307693 0.03485576923076923 0.04326923076923077
2 0.7596153846153846 0.2848557692307692 0.025240384615384616 0.028846153846153848
2 0.8161057692307693 0.33653846153846156 0.025240384615384616 0.03125
2 0.8365384615384616 0.3942307692307692 0.014423076923076924 0.02283653846153846
2 0.9158653846153846 0.5168269230769231 0.014423076923076924 0.016826923076923076
2 0.9375 0.9375 0.04326923076923077 0.12139423076923077
2 0.8713942307692307 0.6310096153846154 0.019230769230769232 0.025240384615384616
2 0.5 0.2608173076923077 0.015625 0.020432692307692308
2 0.5276442307692307 0.2848557692307692 0.015625 0.020432692307692308