0 0.6911057692307693 0.2644230769230769 0.025240384615384616 0.037259615384615384
0 0.47596153846153844 0.14423076923076922 0.016826923076923076 0.025240384615384616
2 0.5480769230769231 0.4074519230769231 0.109375 0.09014423076923077
2 0.6466346153846154 0.47115384615384615 0.037259615384615384 0.025240384615384616
2 0.7836538461538461 0.04326923076923077 0.042067307692307696 0.05889423076923077
2 0.28365384615384615 0.23918269230769232 0.03245192307692308 0.025240384615384616
2 0.44350961538461536 0.09134615384615384 0.03485576923076923 0.042067307692307696
2 0.2776442307692308 0.07211538461538461 0.015625 0.014423076923076924
2 0.3557692307692308 0.1045673076923077 0.01201923076923077 0.016826923076923076
2 0.3449519230769231 0.21634615384615385 0.010817307692307692 0.01201923076923077
2 0.3713942307692308 0.24639423076923078 0.010817307692307692 0.016826923076923076
2 0.4387019230769231 0.25721153846153844 0.014423076923076924 0.019230769230769232