0 0.7355769230769231 0.3329326923076923 0.016826923076923076 0.03365384615384615
0 0.5084134615384616 0.18990384615384615 0.010817307692307692 0.025240384615384616
2 0.5649038461538461 0.47836538461538464 0.12980769230769232 0.1310096153846154
2 0.7151442307692307 0.5853365384615384 0.10817307692307693 0.05889423076923077
2 0.2932692307692308 0.28365384615384615 0.03485576923076923 0.025240384615384616
2 0.4411057692307692 0.2932692307692308 0.010817307692307692 0.014423076923076924
2 0.4639423076923077 0.31490384615384615 0.015625 0.016826923076923076
2 0.4567307692307692 0.20673076923076922 0.01201923076923077 0.01201923076923077
2 0.5456730769230769 0.23197115384615385 0.010817307692307692 0.014423076923076924
2 0.84375 0.09014423076923077 0.04326923076923077 0.056490384615384616
2 0.47475961538461536 0.13581730769230768 0.038461538461538464 0.054086538461538464
2 0.30288461538461536 0.12620192307692307 0.016826923076923076 0.019230769230769232
2 0.38100961538461536 0.15144230769230768 0.010817307692307692 0.019230769230769232
2 0.35336538461538464 0.12139423076923077 0.021634615384615384 0.019230769230769232