0 0.7175480769230769 0.4098557692307692 0.021634615384615384 0.039663461538461536
0 0.4699519230769231 0.24759615384615385 0.014423076923076924 0.028846153846153848
2 0.5432692307692307 0.5949519230769231 0.15985576923076922 0.15625
2 0.75 0.7223557692307693 0.1971153846153846 0.08774038461538461
2 0.2439903846153846 0.37740384615384615 0.03485576923076923 0.025240384615384616
2 0.40024038461538464 0.37259615384615385 0.01201923076923077 0.020432692307692308
2 0.421875 0.3954326923076923 0.021634615384615384 0.020432692307692308
2 0.8052884615384616 0.28725961538461536 0.01201923076923077 0.020432692307692308
2 0.8233173076923077 0.12139423076923077 0.040865384615384616 0.0625
2 0.42788461538461536 0.1971153846153846 0.051682692307692304 0.08173076923076923
2 0.41586538461538464 0.26802884615384615 0.01201923076923077 0.019230769230769232
2 0.33413461538461536 0.2127403846153846 0.010817307692307692 0.020432692307692308
2 0.3088942307692308 0.18028846153846154 0.015625 0.019230769230769232
2 0.24879807692307693 0.18629807692307693 0.015625 0.019230769230769232
2 0.5348557692307693 0.19230769230769232 0.015625 0.019230769230769232
2 0.359375 0.13581730769230768 0.01201923076923077 0.016826923076923076
2 0.38221153846153844 0.14182692307692307 0.01201923076923077 0.016826923076923076