0 0.7115384615384616 0.43149038461538464 0.025240384615384616 0.042067307692307696
0 0.45913461538461536 0.2704326923076923 0.015625 0.028846153846153848
2 0.5336538461538461 0.6213942307692307 0.15144230769230768 0.15625
2 0.7427884615384616 0.7524038461538461 0.20432692307692307 0.09975961538461539
2 0.234375 0.4074519230769231 0.04326923076923077 0.03485576923076923
2 0.3870192307692308 0.40024038461538464 0.015625 0.025240384615384616
2 0.41225961538461536 0.4182692307692308 0.019230769230769232 0.025240384615384616
2 0.4026442307692308 0.29447115384615385 0.019230769230769232 0.02283653846153846
2 0.41225961538461536 0.2091346153846154 0.051682692307692304 0.08173076923076923
2 0.28725961538461536 0.20072115384615385 0.026442307692307692 0.02283653846153846
2 0.8125 0.1310096153846154 0.04326923076923077 0.0625
2 0.7956730769230769 0.30528846153846156 0.010817307692307692 0.019230769230769232
2 0.5240384615384616 0.2091346153846154 0.014423076923076924 0.019230769230769232
2 0.3473557692307692 0.15745192307692307 0.009615384615384616 0.02283653846153846
2 0.23076923076923078 0.171875 0.025240384615384616 0.019230769230769232
2 0.23317307692307693 0.20192307692307693 0.016826923076923076 0.025240384615384616
2 0.31850961538461536 0.23798076923076922 0.010817307692307692 0.019230769230769232
2 0.6862980769230769 0.008413461538461538 0.014423076923076924 0.01201923076923077