0 0.7019230769230769 0.4579326923076923 0.02403846153846154 0.037259615384615384
0 0.44471153846153844 0.29447115384615385 0.014423076923076924 0.027644230769230768
2 0.5216346153846154 0.6526442307692307 0.14903846153846154 0.15625
2 0.7427884615384616 0.7980769230769231 0.20673076923076922 0.08774038461538461
2 0.21514423076923078 0.4387019230769231 0.042067307692307696 0.03125
2 0.3737980769230769 0.4254807692307692 0.010817307692307692 0.025240384615384616
2 0.39903846153846156 0.453125 0.015625 0.019230769230769232
2 0.27283653846153844 0.22596153846153846 0.02403846153846154 0.019230769230769232
2 0.29927884615384615 0.2608173076923077 0.010817307692307692 0.025240384615384616
2 0.21153846153846154 0.20072115384615385 0.021634615384615384 0.014423076923076924
2 0.2127403846153846 0.23076923076923078 0.019230769230769232 0.025240384615384616
2 0.39663461538461536 0.234375 0.052884615384615384 0.09375
2 0.3870192307692308 0.31971153846153844 0.009615384615384616 0.019230769230769232
2 0.5096153846153846 0.23076923076923078 0.01201923076923077 0.020432692307692308
2 0.7872596153846154 0.328125 0.01201923076923077 0.019230769230769232
2 0.8004807692307693 0.14783653846153846 0.040865384615384616 0.06610576923076923
2 0.6730769230769231 0.013221153846153846 0.016826923076923076 0.02283653846153846