0 0.7127403846153846 0.546875 0.025240384615384616 0.039663461538461536
0 0.4362980769230769 0.3629807692307692 0.014423076923076924 0.028846153846153848
2 0.5060096153846154 0.7716346153846154 0.11298076923076923 0.1310096153846154
2 0.7151442307692307 0.9266826923076923 0.13221153846153846 0.07451923076923077
2 0.3629807692307692 0.5120192307692307 0.015625 0.025240384615384616
2 0.3870192307692308 0.5432692307692307 0.019230769230769232 0.02283653846153846
2 0.19230769230769232 0.5252403846153846 0.05048076923076923 0.037259615384615384
2 0.37740384615384615 0.3870192307692308 0.014423076923076924 0.020432692307692308
2 0.5060096153846154 0.2956730769230769 0.01201923076923077 0.025240384615384616
2 0.8088942307692307 0.19831730769230768 0.04326923076923077 0.07091346153846154
2 0.2824519230769231 0.3233173076923077 0.015625 0.020432692307692308
2 0.25600961538461536 0.2860576923076923 0.020432692307692308 0.019230769230769232
2 0.18990384615384615 0.2620192307692308 0.026442307692307692 0.019230769230769232
2 0.1875 0.296875 0.021634615384615384 0.027644230769230768
2 0.3161057692307692 0.23557692307692307 0.009615384615384616 0.020432692307692308
2 0.3870192307692308 0.3004807692307692 0.05889423076923077 0.09735576923076923
2 0.671875 0.04807692307692308 0.015625 0.028846153846153848
2 0.6526442307692307 0.016826923076923076 0.021634615384615384 0.028846153846153848
2 0.8004807692307693 0.39783653846153844 0.01201923076923077 0.020432692307692308
2 0.9495192307692307 0.3629807692307692 0.01201923076923077 0.019230769230769232