0 0.7151442307692307 0.5769230769230769 0.025240384615384616 0.04567307692307692
0 0.4362980769230769 0.3858173076923077 0.016826923076923076 0.03365384615384615
2 0.4855769230769231 0.7800480769230769 0.09735576923076923 0.1310096153846154
2 0.5721153846153846 0.8858173076923077 0.05889423076923077 0.05048076923076923
2 0.6983173076923077 0.9579326923076923 0.09375 0.05048076923076923
2 0.18629807692307693 0.5528846153846154 0.046875 0.03485576923076923
2 0.36177884615384615 0.5384615384615384 0.014423076923076924 0.02283653846153846
2 0.2824519230769231 0.3449519230769231 0.015625 0.02283653846153846
2 0.25 0.3004807692307692 0.025240384615384616 0.025240384615384616
2 0.18389423076923078 0.2776442307692308 0.025240384615384616 0.019230769230769232
2 0.18629807692307693 0.31490384615384615 0.021634615384615384 0.025240384615384616
2 0.38461538461538464 0.31971153846153844 0.05889423076923077 0.10576923076923077
2 0.3137019230769231 0.24639423076923078 0.015625 0.025240384615384616
2 0.5060096153846154 0.3125 0.019230769230769232 0.025240384615384616
2 0.8161057692307693 0.2127403846153846 0.05048076923076923 0.07451923076923077
2 0.6778846153846154 0.05889423076923077 0.019230769230769232 0.037259615384615384
2 0.6574519230769231 0.025240384615384616 0.025240384615384616 0.037259615384615384
2 0.38461538461538464 0.5697115384615384 0.019230769230769232 0.019230769230769232