0 0.7355769230769231 0.7175480769230769 0.025240384615384616 0.051682692307692304
0 0.43028846153846156 0.49158653846153844 0.016826923076923076 0.03365384615384615
0 0.6346153846153846 0.04567307692307692 0.030048076923076924 0.016826923076923076
2 0.15625 0.6911057692307693 0.05048076923076923 0.04326923076923077
2 0.3449519230769231 0.6706730769230769 0.016826923076923076 0.028846153846153848
2 0.3713942307692308 0.7115384615384616 0.026442307692307692 0.02283653846153846
2 0.36538461538461536 0.5228365384615384 0.016826923076923076 0.028846153846153848
2 0.375 0.4182692307692308 0.0625 0.11298076923076923
2 0.2620192307692308 0.4387019230769231 0.016826923076923076 0.027644230769230768
2 0.23076923076923078 0.3942307692307692 0.025240384615384616 0.027644230769230768
2 0.16466346153846154 0.3641826923076923 0.030048076923076924 0.020432692307692308
2 0.1622596153846154 0.41346153846153844 0.021634615384615384 0.027644230769230768
2 0.3004807692307692 0.33533653846153844 0.009615384615384616 0.016826923076923076
2 0.328125 0.3401442307692308 0.01201923076923077 0.020432692307692308
2 0.5060096153846154 0.4074519230769231 0.015625 0.02283653846153846
2 0.8317307692307693 0.5348557692307693 0.01201923076923077 0.027644230769230768
2 0.8365384615384616 0.2932692307692308 0.057692307692307696 0.08774038461538461
2 0.6682692307692307 0.08413461538461539 0.02403846153846154 0.04326923076923077
2 0.6899038461538461 0.11658653846153846 0.016826923076923076 0.037259615384615384
2 0.9158653846153846 0.6442307692307693 0.01201923076923077 0.027644230769230768
2 0.6947115384615384 0.796875 0.010817307692307692 0.02283653846153846
2 0.7139423076923077 0.6959134615384616 0.01201923076923077 0.025240384615384616