0 0.7487980769230769 0.8161057692307693 0.025240384615384616 0.056490384615384616
0 0.4254807692307692 0.5637019230769231 0.015625 0.03485576923076923
0 0.6382211538461539 0.08173076923076923 0.03245192307692308 0.016826923076923076
0 0.3605769230769231 0.007211538461538462 0.025240384615384616 0.010817307692307692
2 0.1310096153846154 0.7848557692307693 0.05889423076923077 0.04807692307692308
2 0.3329326923076923 0.7668269230769231 0.01201923076923077 0.025240384615384616
2 0.36538461538461536 0.8088942307692307 0.015625 0.020432692307692308
2 0.3545673076923077 0.5985576923076923 0.015625 0.02283653846153846
2 0.1466346153846154 0.4254807692307692 0.03485576923076923 0.016826923076923076
2 0.14302884615384615 0.4723557692307692 0.020432692307692308 0.027644230769230768
2 0.21754807692307693 0.4567307692307692 0.027644230769230768 0.027644230769230768
2 0.25 0.5084134615384616 0.015625 0.025240384615384616
2 0.31850961538461536 0.3954326923076923 0.014423076923076924 0.020432692307692308
2 0.36899038461538464 0.4807692307692308 0.07451923076923077 0.12860576923076922
2 0.5036057692307693 0.4651442307692308 0.01201923076923077 0.02283653846153846
2 0.8461538461538461 0.609375 0.014423076923076924 0.02283653846153846
2 0.8497596153846154 0.3473557692307692 0.056490384615384616 0.09014423076923077
2 0.6935096153846154 0.15745192307692307 0.021634615384615384 0.03485576923076923
2 0.671875 0.11538461538461539 0.021634615384615384 0.039663461538461536
2 0.9387019230769231 0.7307692307692307 0.010817307692307692 0.020432692307692308
2 0.734375 0.7512019230769231 0.01201923076923077 0.019230769230769232
2 0.7259615384615384 0.796875 0.010817307692307692 0.02283653846153846
2 0.7055288461538461 0.9098557692307693 0.014423076923076924 0.02283653846153846