0 0.4098557692307692 0.7548076923076923 0.015625 0.04326923076923077
0 0.6442307692307693 0.16706730769230768 0.03245192307692308 0.016826923076923076
0 0.3485576923076923 0.07451923076923077 0.027644230769230768 0.02283653846153846
2 0.9915865384615384 0.9639423076923077 0.016826923076923076 0.028846153846153848
2 0.8858173076923077 0.8137019230769231 0.015625 0.027644230769230768
2 0.5012019230769231 0.6370192307692307 0.014423076923076924 0.02283653846153846
2 0.328125 0.8004807692307693 0.015625 0.025240384615384616
2 0.3473557692307692 0.6466346153846154 0.07211538461538461 0.14783653846153846
2 0.2127403846153846 0.6862980769230769 0.021634615384615384 0.03485576923076923
2 0.17908653846153846 0.6262019230769231 0.026442307692307692 0.027644230769230768
2 0.0985576923076923 0.5817307692307693 0.03125 0.02283653846153846
2 0.09134615384615384 0.6394230769230769 0.02403846153846154 0.028846153846153848
2 0.25961538461538464 0.5360576923076923 0.016826923076923076 0.03125
2 0.8737980769230769 0.4831730769230769 0.056490384615384616 0.10817307692307693
2 0.6802884615384616 0.20793269230769232 0.020432692307692308 0.042067307692307696
2 0.7067307692307693 0.2536057692307692 0.015625 0.037259615384615384