0 0.39783653846153844 0.9098557692307693 0.014423076923076924 0.04807692307692308
0 0.6490384615384616 0.22716346153846154 0.036057692307692304 0.016826923076923076
0 0.33653846153846156 0.1201923076923077 0.025240384615384616 0.027644230769230768
2 0.9158653846153846 0.9723557692307693 0.015625 0.03485576923076923
2 0.8942307692307693 0.5889423076923077 0.06129807692307692 0.1310096153846154
2 0.6875 0.27524038461538464 0.025240384615384616 0.054086538461538464
2 0.7151442307692307 0.328125 0.015625 0.04326923076923077
2 0.4963942307692308 0.7668269230769231 0.014423076923076924 0.020432692307692308
2 0.3293269230769231 0.7848557692307693 0.0829326923076923 0.1875
2 0.3076923076923077 0.9627403846153846 0.015625 0.028846153846153848
2 0.23677884615384615 0.6514423076923077 0.010817307692307692 0.03125
2 0.27163461538461536 0.6622596153846154 0.010817307692307692 0.025240384615384616
2 0.06009615384615385 0.7043269230769231 0.036057692307692304 0.020432692307692308
2 0.1502403846153846 0.7608173076923077 0.02403846153846154 0.037259615384615384
2 0.18389423076923078 0.8269230769230769 0.014423076923076924 0.03365384615384615
2 0.056490384615384616 0.7728365384615384 0.021634615384615384 0.03365384615384615