0 0.3942307692307692 0.9615384615384616 0.01201923076923077 0.04807692307692308
0 0.6490384615384616 0.24639423076923078 0.03245192307692308 0.019230769230769232
0 0.3317307692307692 0.13581730769230768 0.025240384615384616 0.025240384615384616
2 0.4951923076923077 0.8100961538461539 0.015625 0.025240384615384616
2 0.3245192307692308 0.8245192307692307 0.08173076923076923 0.17668269230769232
2 0.23076923076923078 0.6887019230769231 0.010817307692307692 0.027644230769230768
2 0.14302884615384615 0.7992788461538461 0.016826923076923076 0.027644230769230768
2 0.17548076923076922 0.8725961538461539 0.015625 0.028846153846153848
2 0.04326923076923077 0.8173076923076923 0.021634615384615384 0.03485576923076923
2 0.9050480769230769 0.6225961538461539 0.0625 0.13341346153846154
2 0.6887019230769231 0.296875 0.027644230769230768 0.06009615384615385
2 0.7199519230769231 0.3485576923076923 0.016826923076923076 0.04326923076923077
2 0.05048076923076923 0.7451923076923077 0.036057692307692304 0.03125