0 0.6610576923076923 0.2692307692307692 0.03485576923076923 0.020432692307692308
0 0.33653846153846156 0.1502403846153846 0.027644230769230768 0.028846153846153848
2 0.4987980769230769 0.8629807692307693 0.014423076923076924 0.020432692307692308
2 0.2283653846153846 0.7307692307692307 0.01201923076923077 0.027644230769230768
2 0.16826923076923078 0.9206730769230769 0.015625 0.03365384615384615
2 0.046875 0.7848557692307693 0.037259615384615384 0.027644230769230768
2 0.13341346153846154 0.84375 0.02403846153846154 0.028846153846153848
2 0.038461538461538464 0.8545673076923077 0.020432692307692308 0.025240384615384616
2 0.3245192307692308 0.8774038461538461 0.0829326923076923 0.17067307692307693
2 0.921875 0.6694711538461539 0.0625 0.13942307692307693
2 0.7019230769230769 0.32211538461538464 0.025240384615384616 0.056490384615384616
2 0.7307692307692307 0.3786057692307692 0.020432692307692308 0.04807692307692308