0 0.6742788461538461 0.30649038461538464 0.036057692307692304 0.016826923076923076
0 0.34375 0.17908653846153846 0.027644230769230768 0.028846153846153848
0 0.6634615384615384 0.013221153846153846 0.019230769230769232 0.019230769230769232
2 0.5012019230769231 0.9375 0.01201923076923077 0.028846153846153848
2 0.22235576923076922 0.7884615384615384 0.014423076923076924 0.03485576923076923
2 0.33533653846153844 0.9086538461538461 0.06971153846153846 0.14543269230769232
2 0.030048076923076924 0.8449519230769231 0.03125 0.02283653846153846
2 0.025240384615384616 0.9290865384615384 0.020432692307692308 0.04567307692307692
2 0.1201923076923077 0.9050480769230769 0.03125 0.04807692307692308
2 0.15865384615384615 0.9879807692307693 0.016826923076923076 0.02283653846153846
2 0.9435096153846154 0.7367788461538461 0.06610576923076923 0.15264423076923078
2 0.7163461538461539 0.3629807692307692 0.026442307692307692 0.06490384615384616
2 0.7463942307692307 0.421875 0.016826923076923076 0.04807692307692308