0 0.6838942307692307 0.33413461538461536 0.037259615384615384 0.019230769230769232
0 0.3485576923076923 0.1971153846153846 0.03125 0.03125
0 0.6730769230769231 0.028846153846153848 0.016826923076923076 0.025240384615384616
2 0.5060096153846154 0.9891826923076923 0.01201923076923077 0.020432692307692308
2 0.9651442307692307 0.7848557692307693 0.06971153846153846 0.1622596153846154
2 0.7271634615384616 0.39302884615384615 0.026442307692307692 0.06490384615384616
2 0.7572115384615384 0.45552884615384615 0.019230769230769232 0.04807692307692308
2 0.3485576923076923 0.9459134615384616 0.052884615384615384 0.1045673076923077
2 0.22235576923076922 0.8317307692307693 0.015625 0.03485576923076923
2 0.11538461538461539 0.9495192307692307 0.027644230769230768 0.037259615384615384
2 0.030048076923076924 0.8870192307692307 0.026442307692307692 0.02283653846153846
2 0.013221153846153846 0.9783653846153846 0.026442307692307692 0.04326923076923077