0 0.3004807692307692 0.6935096153846154 0.04567307692307692 0.05048076923076923
0 0.7007211538461539 0.5540865384615384 0.030048076923076924 0.05048076923076923
0 0.5480769230769231 0.4411057692307692 0.027644230769230768 0.03485576923076923
2 0.9375 0.6033653846153846 0.05048076923076923 0.04326923076923077
2 0.328125 0.875 0.01201923076923077 0.037259615384615384
2 0.09375 0.453125 0.019230769230769232 0.03125
2 0.13341346153846154 0.22235576923076922 0.014423076923076924 0.016826923076923076
2 0.030048076923076924 0.14423076923076922 0.014423076923076924 0.019230769230769232
2 0.015625 0.14783653846153846 0.01201923076923077 0.016826923076923076
2 0.26802884615384615 0.19110576923076922 0.010817307692307692 0.03125
2 0.32211538461538464 0.22235576923076922 0.025240384615384616 0.028846153846153848
2 0.3112980769230769 0.03485576923076923 0.01201923076923077 0.016826923076923076