0 0.31009615384615385 0.7295673076923077 0.04807692307692308 0.054086538461538464
0 0.7235576923076923 0.5961538461538461 0.03125 0.054086538461538464
0 0.5673076923076923 0.4699519230769231 0.027644230769230768 0.03485576923076923
2 0.9663461538461539 0.6514423076923077 0.051682692307692304 0.04807692307692308
2 0.33413461538461536 0.9182692307692307 0.016826923076923076 0.028846153846153848
2 0.10096153846153846 0.4879807692307692 0.02403846153846154 0.054086538461538464
2 0.3401442307692308 0.23798076923076922 0.027644230769230768 0.03125
2 0.2848557692307692 0.19951923076923078 0.016826923076923076 0.025240384615384616
2 0.04807692307692308 0.14903846153846154 0.01201923076923077 0.019230769230769232
2 0.03125 0.15264423076923078 0.01201923076923077 0.016826923076923076
2 0.14903846153846154 0.23076923076923078 0.014423076923076924 0.016826923076923076
2 0.5576923076923077 0.1466346153846154 0.015625 0.019230769230769232