0 0.3137019230769231 0.7536057692307693 0.04807692307692308 0.05889423076923077
0 0.734375 0.6213942307692307 0.027644230769230768 0.05889423076923077
0 0.5769230769230769 0.49038461538461536 0.027644230769230768 0.03485576923076923
2 0.9783653846153846 0.6838942307692307 0.042067307692307696 0.039663461538461536
2 0.33653846153846156 0.9519230769230769 0.019230769230769232 0.028846153846153848
2 0.10576923076923077 0.49399038461538464 0.02403846153846154 0.054086538461538464
2 0.3485576923076923 0.25 0.03125 0.028846153846153848
2 0.2932692307692308 0.21033653846153846 0.01201923076923077 0.025240384615384616
2 0.039663461538461536 0.15745192307692307 0.010817307692307692 0.019230769230769232
2 0.056490384615384616 0.15504807692307693 0.01201923076923077 0.019230769230769232
2 0.5697115384615384 0.15985576923076922 0.010817307692307692 0.016826923076923076