0 0.3125 0.7944711538461539 0.05048076923076923 0.056490384615384616
0 0.7439903846153846 0.6574519230769231 0.030048076923076924 0.06009615384615385
0 0.5829326923076923 0.5192307692307693 0.03125 0.037259615384615384
2 0.33653846153846156 0.9915865384615384 0.015625 0.016826923076923076
2 0.984375 0.7199519230769231 0.027644230769230768 0.03485576923076923
2 0.09975961538461539 0.5192307692307693 0.025240384615384616 0.0625
2 0.34975961538461536 0.26802884615384615 0.025240384615384616 0.027644230769230768
2 0.2956730769230769 0.22956730769230768 0.010817307692307692 0.025240384615384616
2 0.039663461538461536 0.16947115384615385 0.010817307692307692 0.019230769230769232
2 0.056490384615384616 0.1658653846153846 0.015625 0.019230769230769232
2 0.5745192307692307 0.17548076923076922 0.01201923076923077 0.019230769230769232