0 0.3245192307692308 0.9735576923076923 0.052884615384615384 0.051682692307692304
0 0.8221153846153846 0.8786057692307693 0.03125 0.07932692307692307
0 0.6478365384615384 0.6802884615384616 0.036057692307692304 0.04807692307692308
2 0.12740384615384615 0.6237980769230769 0.026442307692307692 0.06850961538461539
2 0.41225961538461536 0.3557692307692308 0.030048076923076924 0.028846153846153848
2 0.3557692307692308 0.30528846153846156 0.01201923076923077 0.03125
2 0.20793269230769232 0.3245192307692308 0.01201923076923077 0.019230769230769232
2 0.016826923076923076 0.30408653846153844 0.014423076923076924 0.016826923076923076
2 0.030048076923076924 0.2800480769230769 0.014423076923076924 0.019230769230769232
2 0.09615384615384616 0.21514423076923078 0.010817307692307692 0.019230769230769232
2 0.11298076923076923 0.2127403846153846 0.014423076923076924 0.016826923076923076
2 0.6598557692307693 0.2704326923076923 0.014423076923076924 0.020432692307692308