0 0.5769230769230769 0.8341346153846154 0.020432692307692308 0.06490384615384616
0 0.6875 0.38822115384615385 0.021634615384615384 0.039663461538461536
0 0.5925480769230769 0.15625 0.016826923076923076 0.020432692307692308
0 0.8317307692307693 0.008413461538461538 0.027644230769230768 0.01201923076923077
2 0.9723557692307693 0.6274038461538461 0.01201923076923077 0.020432692307692308
2 0.6358173076923077 0.40625 0.027644230769230768 0.042067307692307696
2 0.3401442307692308 0.7043269230769231 0.03245192307692308 0.05889423076923077
2 0.20432692307692307 0.5973557692307693 0.015625 0.020432692307692308
2 0.078125 0.09735576923076923 0.021634615384615384 0.03365384615384615
2 0.0829326923076923 0.2247596153846154 0.015625 0.020432692307692308
2 0.11778846153846154 0.24519230769230768 0.014423076923076924 0.051682692307692304