0 0.6394230769230769 0.9783653846153846 0.05048076923076923 0.039663461538461536
0 0.30649038461538464 0.5108173076923077 0.040865384615384616 0.028846153846153848
0 0.7451923076923077 0.15625 0.015625 0.025240384615384616
0 0.6045673076923077 0.01201923076923077 0.021634615384615384 0.019230769230769232
2 0.3112980769230769 0.42908653846153844 0.036057692307692304 0.07091346153846154
2 0.3485576923076923 0.15625 0.08173076923076923 0.0625
2 0.765625 0.21875 0.056490384615384616 0.054086538461538464
2 0.8377403846153846 0.31009615384615385 0.01201923076923077 0.025240384615384616
2 0.8966346153846154 0.27524038461538464 0.019230769230769232 0.025240384615384616
2 0.3173076923076923 0.3762019230769231 0.015625 0.019230769230769232
2 0.3401442307692308 0.359375 0.016826923076923076 0.027644230769230768