0 0.2620192307692308 0.7307692307692307 0.042067307692307696 0.039663461538461536
0 0.7644230769230769 0.27283653846153844 0.015625 0.03365384615384615
0 0.6057692307692307 0.09014423076923077 0.02403846153846154 0.02283653846153846
2 0.2704326923076923 0.6213942307692307 0.04326923076923077 0.11298076923076923
2 0.32091346153846156 0.27524038461538464 0.0889423076923077 0.07451923076923077
2 0.796875 0.34615384615384615 0.07451923076923077 0.07451923076923077
2 0.9074519230769231 0.36899038461538464 0.015625 0.025240384615384616
2 0.9375 0.421875 0.025240384615384616 0.03125
2 0.6778846153846154 0.31009615384615385 0.019230769230769232 0.020432692307692308
2 0.2800480769230769 0.5528846153846154 0.014423076923076924 0.019230769230769232
2 0.30649038461538464 0.5348557692307693 0.019230769230769232 0.03125