0 0.24519230769230768 0.8125 0.05048076923076923 0.04567307692307692
0 0.7620192307692307 0.3088942307692308 0.019230769230769232 0.03125
0 0.5997596153846154 0.12139423076923077 0.02403846153846154 0.03125
2 0.25240384615384615 0.6971153846153846 0.042067307692307696 0.10576923076923077
2 0.3088942307692308 0.31971153846153844 0.09014423076923077 0.08533653846153846
2 0.7932692307692307 0.3954326923076923 0.0733173076923077 0.0829326923076923
2 0.6742788461538461 0.35336538461538464 0.014423076923076924 0.019230769230769232
2 0.9495192307692307 0.4723557692307692 0.030048076923076924 0.03125
2 0.8245192307692307 0.3161057692307692 0.014423076923076924 0.020432692307692308
2 0.2620192307692308 0.6225961538461539 0.015625 0.020432692307692308
2 0.29086538461538464 0.5973557692307693 0.021634615384615384 0.04326923076923077