0 0.22355769230769232 0.90625 0.05048076923076923 0.04567307692307692
0 0.7644230769230769 0.35336538461538464 0.014423076923076924 0.03125
0 0.5973557692307693 0.15384615384615385 0.025240384615384616 0.028846153846153848
2 0.23317307692307693 0.7800480769230769 0.051682692307692304 0.1310096153846154
2 0.29447115384615385 0.36177884615384615 0.09254807692307693 0.09735576923076923
2 0.8028846153846154 0.43990384615384615 0.0733173076923077 0.08774038461538461
2 0.8834134615384616 0.5709134615384616 0.010817307692307692 0.028846153846153848
2 0.9591346153846154 0.5252403846153846 0.03125 0.037259615384615384
2 0.6754807692307693 0.39783653846153844 0.015625 0.025240384615384616
2 0.828125 0.3557692307692308 0.015625 0.025240384615384616
2 0.24639423076923078 0.6923076923076923 0.019230769230769232 0.03125
2 0.2764423076923077 0.6634615384615384 0.021634615384615384 0.04807692307692308