0 0.6935096153846154 0.5396634615384616 0.016826923076923076 0.03365384615384615
0 0.4855769230769231 0.30408653846153844 0.02403846153846154 0.028846153846153848
2 0.140625 0.6430288461538461 0.11298076923076923 0.13942307692307693
2 0.5985576923076923 0.6141826923076923 0.015625 0.020432692307692308
2 0.12139423076923077 0.9891826923076923 0.014423076923076924 0.020432692307692308
2 0.5108173076923077 0.8834134615384616 0.015625 0.03365384615384615
2 0.8149038461538461 0.7932692307692307 0.016826923076923076 0.027644230769230768
2 0.8533653846153846 0.8125 0.014423076923076924 0.03365384615384615
2 0.8798076923076923 0.6634615384615384 0.019230769230769232 0.03125
2 0.9302884615384616 0.7391826923076923 0.038461538461538464 0.042067307692307696
2 0.9831730769230769 0.765625 0.01201923076923077 0.03485576923076923
2 0.7403846153846154 0.6610576923076923 0.06370192307692307 0.10216346153846154
2 0.7644230769230769 0.5348557692307693 0.015625 0.02283653846153846
2 0.9350961538461539 0.45072115384615385 0.04807692307692308 0.039663461538461536
2 0.12139423076923077 0.027644230769230768 0.02403846153846154 0.03125