1 0.39783653846153844 0.25841346153846156 0.18870192307692307 0.1045673076923077
1 0.5036057692307693 0.21514423076923078 0.019230769230769232 0.016826923076923076
2 0.1622596153846154 0.8798076923076923 0.2403846153846154 0.21033653846153846
2 0.1201923076923077 0.734375 0.01201923076923077 0.019230769230769232
2 0.1622596153846154 0.6286057692307693 0.030048076923076924 0.020432692307692308
2 0.34134615384615385 0.6081730769230769 0.016826923076923076 0.03365384615384615
2 0.4050480769230769 0.5949519230769231 0.014423076923076924 0.039663461538461536
2 0.6935096153846154 0.8930288461538461 0.03125 0.056490384615384616
2 0.9543269230769231 0.828125 0.09014423076923077 0.039663461538461536
2 0.5276442307692307 0.2668269230769231 0.07932692307692307 0.07451923076923077
2 0.625 0.3245192307692308 0.078125 0.05048076923076923
2 0.4362980769230769 0.09975961538461539 0.020432692307692308 0.05048076923076923
2 0.31850961538461536 0.10697115384615384 0.036057692307692304 0.027644230769230768
2 0.8004807692307693 0.34615384615384615 0.019230769230769232 0.025240384615384616
2 0.5060096153846154 0.8076923076923077 0.038461538461538464 0.09014423076923077
2 0.6033653846153846 0.5216346153846154 0.025240384615384616 0.1814903846153846
2 0.45913461538461536 0.019230769230769232 0.03245192307692308 0.03485576923076923
2 0.5504807692307693 0.10576923076923077 0.019230769230769232 0.20673076923076922