1 0.5012019230769231 0.21514423076923078 0.021634615384615384 0.016826923076923076
1 0.40024038461538464 0.25841346153846156 0.1875 0.1045673076923077
2 0.1622596153846154 0.8870192307692307 0.2403846153846154 0.21033653846153846
2 0.1201923076923077 0.734375 0.01201923076923077 0.019230769230769232
2 0.1622596153846154 0.6286057692307693 0.03125 0.02283653846153846
2 0.3401442307692308 0.6069711538461539 0.021634615384615384 0.039663461538461536
2 0.40625 0.59375 0.015625 0.042067307692307696
2 0.6935096153846154 0.8942307692307693 0.03245192307692308 0.056490384615384616
2 0.9495192307692307 0.8317307692307693 0.09014423076923077 0.039663461538461536
2 0.5276442307692307 0.2668269230769231 0.07932692307692307 0.07451923076923077
2 0.6213942307692307 0.3269230769230769 0.07451923076923077 0.05048076923076923
2 0.4362980769230769 0.10096153846153846 0.016826923076923076 0.04326923076923077
2 0.31850961538461536 0.10697115384615384 0.036057692307692304 0.027644230769230768
2 0.8004807692307693 0.3473557692307692 0.015625 0.020432692307692308
2 0.5048076923076923 0.8125 0.037259615384615384 0.09975961538461539
2 0.6045673076923077 0.5276442307692307 0.025240384615384616 0.18389423076923078
2 0.4579326923076923 0.020432692307692308 0.03125 0.037259615384615384
2 0.5504807692307693 0.10576923076923077 0.019230769230769232 0.20793269230769232