1 0.5024038461538461 0.21514423076923078 0.020432692307692308 0.014423076923076924
1 0.39903846153846156 0.2620192307692308 0.18629807692307693 0.1045673076923077
2 0.1622596153846154 0.8942307692307693 0.2403846153846154 0.20793269230769232
2 0.11778846153846154 0.7463942307692307 0.015625 0.027644230769230768
2 0.1622596153846154 0.640625 0.015625 0.019230769230769232
2 0.3401442307692308 0.6189903846153846 0.019230769230769232 0.037259615384615384
2 0.4050480769230769 0.6033653846153846 0.014423076923076924 0.04326923076923077
2 0.6959134615384616 0.9134615384615384 0.030048076923076924 0.056490384615384616
2 0.9591346153846154 0.8473557692307693 0.078125 0.042067307692307696
2 0.8028846153846154 0.34975961538461536 0.015625 0.020432692307692308
2 0.5276442307692307 0.2692307692307692 0.0829326923076923 0.07932692307692307
2 0.6286057692307693 0.33413461538461536 0.07451923076923077 0.039663461538461536
2 0.31850961538461536 0.10817307692307693 0.036057692307692304 0.025240384615384616
2 0.4375 0.10697115384615384 0.019230769230769232 0.04326923076923077
2 0.5084134615384616 0.8269230769230769 0.03245192307692308 0.09615384615384616
2 0.46153846153846156 0.020432692307692308 0.03125 0.037259615384615384
2 0.5504807692307693 0.10697115384615384 0.021634615384615384 0.21033653846153846
2 0.6045673076923077 0.5324519230769231 0.027644230769230768 0.18509615384615385