1 0.5012019230769231 0.23677884615384615 0.020432692307692308 0.019230769230769232
1 0.3954326923076923 0.28725961538461536 0.1971153846153846 0.10817307692307693
2 0.1935096153846154 0.9254807692307693 0.1502403846153846 0.14543269230769232
2 0.1466346153846154 0.6947115384615384 0.019230769230769232 0.02283653846153846
2 0.09975961538461539 0.8088942307692307 0.021634615384615384 0.03125
2 0.3329326923076923 0.6658653846153846 0.021634615384615384 0.04807692307692308
2 0.40024038461538464 0.6526442307692307 0.015625 0.042067307692307696
2 0.6862980769230769 0.9591346153846154 0.04807692307692308 0.08173076923076923
2 0.9627403846153846 0.90625 0.07451923076923077 0.05048076923076923
2 0.5252403846153846 0.2920673076923077 0.08413461538461539 0.08774038461538461
2 0.6213942307692307 0.3629807692307692 0.06971153846153846 0.037259615384615384
2 0.30649038461538464 0.12259615384615384 0.025240384615384616 0.020432692307692308
2 0.4338942307692308 0.12259615384615384 0.019230769230769232 0.04567307692307692
2 0.8112980769230769 0.38341346153846156 0.015625 0.025240384615384616
2 0.5060096153846154 0.8894230769230769 0.03485576923076923 0.1045673076923077
2 0.5528846153846154 0.11658653846153846 0.02403846153846154 0.22956730769230768
2 0.46875 0.02403846153846154 0.052884615384615384 0.04326923076923077
2 0.6057692307692307 0.5757211538461539 0.027644230769230768 0.20192307692307693