1 0.5036057692307693 0.3161057692307692 0.021634615384615384 0.019230769230769232
1 0.3894230769230769 0.3701923076923077 0.20432692307692307 0.12259615384615384
2 0.11658653846153846 0.84375 0.014423076923076924 0.020432692307692308
2 0.31850961538461536 0.8161057692307693 0.020432692307692308 0.04326923076923077
2 0.390625 0.7980769230769231 0.01201923076923077 0.054086538461538464
2 0.8365384615384616 0.48197115384615385 0.01201923076923077 0.019230769230769232
2 0.5228365384615384 0.36899038461538464 0.09254807692307693 0.1045673076923077
2 0.6370192307692307 0.46153846153846156 0.06850961538461539 0.04326923076923077
2 0.3004807692307692 0.18389423076923078 0.03245192307692308 0.025240384615384616
2 0.43149038461538464 0.18389423076923078 0.016826923076923076 0.051682692307692304
2 0.39302884615384615 0.051682692307692304 0.010817307692307692 0.016826923076923076
2 0.3870192307692308 0.07451923076923077 0.009615384615384616 0.014423076923076924
2 0.37259615384615385 0.05048076923076923 0.010817307692307692 0.014423076923076924
2 0.8353365384615384 0.046875 0.042067307692307696 0.056490384615384616
2 0.6177884615384616 0.7115384615384616 0.03245192307692308 0.2439903846153846
2 0.5552884615384616 0.16706730769230768 0.020432692307692308 0.30408653846153844
2 0.4699519230769231 0.0673076923076923 0.06129807692307692 0.06490384615384616