1 0.5048076923076923 0.3317307692307692 0.021634615384615384 0.019230769230769232
1 0.3894230769230769 0.3870192307692308 0.2091346153846154 0.1310096153846154
2 0.3112980769230769 0.8521634615384616 0.020432692307692308 0.05048076923076923
2 0.3870192307692308 0.8317307692307693 0.014423076923076924 0.0625
2 0.8449519230769231 0.5060096153846154 0.01201923076923077 0.020432692307692308
2 0.5300480769230769 0.39663461538461536 0.09254807692307693 0.10576923076923077
2 0.6514423076923077 0.4879807692307692 0.09014423076923077 0.06009615384615385
2 0.29927884615384615 0.1971153846153846 0.03245192307692308 0.027644230769230768
2 0.4338942307692308 0.1935096153846154 0.019230769230769232 0.05048076923076923
2 0.3954326923076923 0.06009615384615385 0.01201923076923077 0.016826923076923076
2 0.8449519230769231 0.056490384615384616 0.052884615384615384 0.05889423076923077
2 0.37259615384615385 0.057692307692307696 0.014423076923076924 0.019230769230769232
2 0.6213942307692307 0.7379807692307693 0.030048076923076924 0.25841346153846156
2 0.4723557692307692 0.07572115384615384 0.05889423076923077 0.06490384615384616
2 0.5588942307692307 0.1658653846153846 0.021634615384615384 0.31009615384615385