1 0.5673076923076923 0.5276442307692307 0.027644230769230768 0.025240384615384616
1 0.42788461538461536 0.5865384615384616 0.24519230769230768 0.15264423076923078
2 0.5973557692307693 0.6213942307692307 0.11057692307692307 0.15625
2 0.7295673076923077 0.7608173076923077 0.109375 0.09134615384615384
2 0.3473557692307692 0.3269230769230769 0.036057692307692304 0.03365384615384615
2 0.43509615384615385 0.15865384615384615 0.020432692307692308 0.020432692307692308
2 0.46153846153846156 0.16346153846153846 0.020432692307692308 0.019230769230769232
2 0.38461538461538464 0.12379807692307693 0.021634615384615384 0.014423076923076924
2 0.96875 0.19831730769230768 0.0625 0.07932692307692307
2 0.8473557692307693 0.013221153846153846 0.026442307692307692 0.02283653846153846
2 0.5432692307692307 0.19591346153846154 0.0673076923076923 0.07091346153846154