1 0.6033653846153846 0.6009615384615384 0.02403846153846154 0.027644230769230768
1 0.45552884615384615 0.6574519230769231 0.25721153846153844 0.16466346153846154
2 0.6286057692307693 0.7055288461538461 0.10336538461538461 0.16826923076923078
2 0.7512019230769231 0.8605769230769231 0.078125 0.08774038461538461
2 0.38100961538461536 0.36658653846153844 0.036057692307692304 0.042067307692307696
2 0.5348557692307693 0.3918269230769231 0.015625 0.07091346153846154
2 0.5096153846153846 0.19110576923076922 0.019230769230769232 0.020432692307692308
2 0.4987980769230769 0.22596153846153846 0.016826923076923076 0.02283653846153846
2 0.4831730769230769 0.18629807692307693 0.014423076923076924 0.02283653846153846
2 0.9314903846153846 0.05889423076923077 0.030048076923076924 0.07451923076923077
2 0.5564903846153846 0.07091346153846154 0.019230769230769232 0.025240384615384616
2 0.5961538461538461 0.23197115384615385 0.0733173076923077 0.07692307692307693