1 0.609375 0.7271634615384616 0.025240384615384616 0.028846153846153848
1 0.4495192307692308 0.7920673076923077 0.27403846153846156 0.19591346153846154
2 0.6394230769230769 0.8557692307692307 0.11057692307692307 0.1875
2 0.3737980769230769 0.4567307692307692 0.037259615384615384 0.037259615384615384
2 0.5360576923076923 0.48197115384615385 0.019230769230769232 0.07692307692307693
2 0.5072115384615384 0.265625 0.01201923076923077 0.02283653846153846
2 0.4963942307692308 0.296875 0.010817307692307692 0.027644230769230768
2 0.4831730769230769 0.25721153846153844 0.015625 0.02283653846153846
2 0.5564903846153846 0.12740384615384615 0.014423076923076924 0.020432692307692308
2 0.5456730769230769 0.22115384615384615 0.01201923076923077 0.020432692307692308
2 0.5625 0.23317307692307693 0.009615384615384616 0.020432692307692308
2 0.7199519230769231 0.33653846153846156 0.014423076923076924 0.02283653846153846
2 0.9483173076923077 0.11298076923076923 0.027644230769230768 0.0829326923076923
2 0.5997596153846154 0.30288461538461536 0.07692307692307693 0.08533653846153846
1 0.6153846153846154 0.7692307692307693 0.030048076923076924 0.025240384615384616