1 0.6081730769230769 0.7620192307692307 0.026442307692307692 0.03365384615384615
1 0.44350961538461536 0.8353365384615384 0.2848557692307692 0.20432692307692307
2 0.640625 0.9002403846153846 0.11778846153846154 0.19951923076923078
2 0.3605769230769231 0.4807692307692308 0.030048076923076924 0.037259615384615384
2 0.5300480769230769 0.5072115384615384 0.019230769230769232 0.08173076923076923
2 0.47475961538461536 0.2776442307692308 0.015625 0.020432692307692308
2 0.5012019230769231 0.2824519230769231 0.01201923076923077 0.02283653846153846
2 0.49038461538461536 0.3161057692307692 0.010817307692307692 0.020432692307692308
2 0.7175480769230769 0.3557692307692308 0.01201923076923077 0.02283653846153846
2 0.5384615384615384 0.23798076923076922 0.01201923076923077 0.020432692307692308
2 0.5576923076923077 0.2536057692307692 0.009615384615384616 0.014423076923076924
2 0.5516826923076923 0.14423076923076922 0.01201923076923077 0.016826923076923076
2 0.9471153846153846 0.12620192307692307 0.027644230769230768 0.08173076923076923
2 0.5997596153846154 0.32091346153846156 0.06850961538461539 0.07451923076923077
1 0.6129807692307693 0.8076923076923077 0.027644230769230768 0.03485576923076923