1 0.6057692307692307 0.8701923076923077 0.03245192307692308 0.04807692307692308
1 0.43149038461538464 0.9182692307692307 0.3004807692307692 0.1622596153846154
2 0.6033653846153846 0.9567307692307693 0.042067307692307696 0.08533653846153846
2 0.3401442307692308 0.5516826923076923 0.03245192307692308 0.037259615384615384
2 0.5180288461538461 0.5745192307692307 0.016826923076923076 0.10216346153846154
2 0.45913461538461536 0.3245192307692308 0.016826923076923076 0.025240384615384616
2 0.4879807692307692 0.3317307692307692 0.01201923076923077 0.02283653846153846
2 0.5264423076923077 0.2800480769230769 0.01201923076923077 0.019230769230769232
2 0.5372596153846154 0.18028846153846154 0.01201923076923077 0.019230769230769232
2 0.9435096153846154 0.15264423076923078 0.03245192307692308 0.09134615384615384
2 0.7139423076923077 0.4098557692307692 0.015625 0.019230769230769232
2 0.5841346153846154 0.3786057692307692 0.078125 0.09014423076923077
1 0.6057692307692307 0.9170673076923077 0.03125 0.03365384615384615