1 0.5901442307692307 0.9819711538461539 0.02403846153846154 0.03485576923076923
1 0.49399038461538464 0.9807692307692307 0.02403846153846154 0.037259615384615384
2 0.2932692307692308 0.6598557692307693 0.03485576923076923 0.039663461538461536
2 0.4855769230769231 0.6754807692307693 0.020432692307692308 0.09615384615384616
2 0.41225961538461536 0.3954326923076923 0.015625 0.020432692307692308
2 0.44471153846153844 0.39903846153846156 0.014423076923076924 0.02283653846153846
2 0.4326923076923077 0.44471153846153844 0.015625 0.027644230769230768
2 0.48197115384615385 0.3401442307692308 0.014423076923076924 0.027644230769230768
2 0.5036057692307693 0.3581730769230769 0.01201923076923077 0.020432692307692308
2 0.49158653846153844 0.23076923076923078 0.014423076923076924 0.020432692307692308
2 0.6814903846153846 0.4699519230769231 0.014423076923076924 0.02283653846153846
2 0.90625 0.1814903846153846 0.03485576923076923 0.09134615384615384
2 0.5516826923076923 0.4411057692307692 0.07211538461538461 0.09375
1 0.6730769230769231 0.7007211538461539 0.030048076923076924 0.33533653846153844