1 0.5552884615384616 0.057692307692307696 0.027644230769230768 0.07692307692307693
1 0.5661057692307693 0.008413461538461538 0.036057692307692304 0.01201923076923077
2 0.23557692307692307 0.9098557692307693 0.036057692307692304 0.051682692307692304
2 0.45913461538461536 0.9182692307692307 0.025240384615384616 0.13942307692307693
2 0.36899038461538464 0.5564903846153846 0.020432692307692308 0.028846153846153848
2 0.3942307692307692 0.6177884615384616 0.016826923076923076 0.03485576923076923
2 0.4074519230769231 0.5661057692307693 0.015625 0.025240384615384616
2 0.4567307692307692 0.35216346153846156 0.01201923076923077 0.020432692307692308
2 0.6742788461538461 0.640625 0.014423076923076924 0.02283653846153846
2 0.49399038461538464 0.7572115384615384 0.014423076923076924 0.02283653846153846
2 0.9050480769230769 0.2776442307692308 0.042067307692307696 0.11298076923076923
1 0.671875 0.7512019230769231 0.021634615384615384 0.49759615384615385
2 0.5216346153846154 0.6213942307692307 0.08653846153846154 0.12740384615384615