1 0.5564903846153846 0.07932692307692307 0.027644230769230768 0.0829326923076923
1 0.5637019230769231 0.016826923076923076 0.040865384615384616 0.028846153846153848
1 0.59375 0.003605769230769231 0.015625 0.003605769230769231
2 0.22115384615384615 0.9783653846153846 0.038461538461538464 0.04326923076923077
2 0.4543269230769231 0.9591346153846154 0.019230769230769232 0.07692307692307693
2 0.49399038461538464 0.8209134615384616 0.015625 0.025240384615384616
2 0.3894230769230769 0.6754807692307693 0.010817307692307692 0.028846153846153848
2 0.36538461538461536 0.6105769230769231 0.019230769230769232 0.03365384615384615
2 0.4026442307692308 0.6153846153846154 0.01201923076923077 0.027644230769230768
2 0.4543269230769231 0.3870192307692308 0.01201923076923077 0.025240384615384616
2 0.6814903846153846 0.6971153846153846 0.01201923076923077 0.027644230769230768
2 0.9146634615384616 0.3076923076923077 0.042067307692307696 0.10576923076923077
2 0.890625 0.052884615384615384 0.01201923076923077 0.019230769230769232
2 0.5216346153846154 0.6754807692307693 0.08774038461538461 0.14423076923076922
1 0.6754807692307693 0.7632211538461539 0.03245192307692308 0.4723557692307692