1 0.5564903846153846 0.1045673076923077 0.027644230769230768 0.0829326923076923
1 0.5649038461538461 0.027644230769230768 0.04567307692307692 0.051682692307692304
1 0.6105769230769231 0.021634615384615384 0.04567307692307692 0.014423076923076924
2 0.39663461538461536 0.6730769230769231 0.015625 0.028846153846153848
2 0.38341346153846156 0.7355769230769231 0.010817307692307692 0.03365384615384615
2 0.49038461538461536 0.8930288461538461 0.015625 0.03125
2 0.6838942307692307 0.7608173076923077 0.019230769230769232 0.025240384615384616
2 0.9230769230769231 0.3389423076923077 0.04326923076923077 0.11899038461538461
2 0.359375 0.6622596153846154 0.015625 0.028846153846153848
2 0.8990384615384616 0.07451923076923077 0.01201923076923077 0.020432692307692308
1 0.6766826923076923 0.7752403846153846 0.036057692307692304 0.4495192307692308
2 0.5216346153846154 0.7367788461538461 0.0889423076923077 0.15264423076923078