1 0.5384615384615384 0.1201923076923077 0.03125 0.09014423076923077
1 0.5504807692307693 0.038461538461538464 0.04326923076923077 0.06490384615384616
1 0.5949519230769231 0.03365384615384615 0.04807692307692308 0.016826923076923076
2 0.3425480769230769 0.7067307692307693 0.016826923076923076 0.028846153846153848
2 0.38100961538461536 0.7163461538461539 0.015625 0.028846153846153848
2 0.36899038461538464 0.7824519230769231 0.015625 0.03485576923076923
2 0.4807692307692308 0.9447115384615384 0.019230769230769232 0.027644230769230768
2 0.6778846153846154 0.7980769230769231 0.019230769230769232 0.025240384615384616
2 0.9170673076923077 0.359375 0.046875 0.11899038461538461
2 0.8858173076923077 0.08533653846153846 0.01201923076923077 0.016826923076923076
2 0.5120192307692307 0.7680288461538461 0.09254807692307693 0.16466346153846154
1 0.671875 0.7908653846153846 0.040865384615384616 0.4182692307692308