1 0.5216346153846154 0.13701923076923078 0.03245192307692308 0.09134615384615384
1 0.5276442307692307 0.04807692307692308 0.05048076923076923 0.06610576923076923
1 0.5793269230769231 0.04567307692307692 0.051682692307692304 0.01201923076923077
2 0.6742788461538461 0.8413461538461539 0.020432692307692308 0.028846153846153848
2 0.3293269230769231 0.7584134615384616 0.020432692307692308 0.028846153846153848
2 0.36778846153846156 0.765625 0.014423076923076924 0.03485576923076923
2 0.3557692307692308 0.8341346153846154 0.014423076923076924 0.03485576923076923
2 0.4206730769230769 0.49038461538461536 0.015625 0.027644230769230768
2 0.41586538461538464 0.6622596153846154 0.009615384615384616 0.025240384615384616
2 0.4411057692307692 0.6875 0.010817307692307692 0.025240384615384616
2 0.9050480769230769 0.3737980769230769 0.04807692307692308 0.12259615384615384
2 0.8701923076923077 0.09495192307692307 0.01201923076923077 0.019230769230769232
1 0.6622596153846154 0.7908653846153846 0.04567307692307692 0.4182692307692308
2 0.5 0.8233173076923077 0.09375 0.16706730769230768
1 0.2283653846153846 0.7451923076923077 0.027644230769230768 0.08533653846153846