1 0.5108173076923077 0.16105769230769232 0.03125 0.09375
1 0.5168269230769231 0.06610576923076923 0.046875 0.07451923076923077
1 0.5661057692307693 0.06490384615384616 0.04807692307692308 0.01201923076923077
2 0.31490384615384615 0.8377403846153846 0.014423076923076924 0.020432692307692308
2 0.3545673076923077 0.8389423076923077 0.015625 0.03485576923076923
2 0.3425480769230769 0.9146634615384616 0.016826923076923076 0.042067307692307696
2 0.4026442307692308 0.7283653846153846 0.009615384615384616 0.027644230769230768
2 0.6730769230769231 0.9158653846153846 0.01201923076923077 0.027644230769230768
2 0.9074519230769231 0.41225961538461536 0.05048076923076923 0.125
2 0.8677884615384616 0.11298076923076923 0.01201923076923077 0.019230769230769232
1 0.20432692307692307 0.8269230769230769 0.021634615384615384 0.06610576923076923
1 0.6574519230769231 0.8088942307692307 0.05048076923076923 0.38100961538461536
2 0.49278846153846156 0.8990384615384616 0.10096153846153846 0.20192307692307693