1 0.5 0.33413461538461536 0.03125 0.1310096153846154
1 0.5060096153846154 0.21634615384615385 0.056490384615384616 0.07932692307692307
1 0.5625 0.20673076923076922 0.056490384615384616 0.016826923076923076
1 0.6033653846153846 0.030048076923076924 0.06850961538461539 0.056490384615384616
2 0.3713942307692308 0.8870192307692307 0.019230769230769232 0.03125
2 0.9651442307692307 0.640625 0.046875 0.12259615384615384
2 0.9122596153846154 0.2620192307692308 0.014423076923076924 0.025240384615384616
2 0.6838942307692307 0.026442307692307692 0.015625 0.027644230769230768
2 0.020432692307692308 0.042067307692307696 0.015625 0.020432692307692308
2 0.453125 0.027644230769230768 0.01201923076923077 0.020432692307692308
1 0.5637019230769231 0.859375 0.21754807692307693 0.28125