1 0.42788461538461536 0.890625 0.05048076923076923 0.21875
1 0.4338942307692308 0.6598557692307693 0.078125 0.15625
1 0.53125 0.6370192307692307 0.11298076923076923 0.03365384615384615
1 0.5528846153846154 0.3076923076923077 0.0829326923076923 0.11057692307692307
1 0.5769230769230769 0.21875 0.056490384615384616 0.0625
2 0.9927884615384616 0.6983173076923077 0.014423076923076924 0.025240384615384616
2 0.6574519230769231 0.2932692307692308 0.01201923076923077 0.03125
2 0.3557692307692308 0.32091346153846156 0.009615384615384616 0.025240384615384616
2 0.14302884615384615 0.027644230769230768 0.020432692307692308 0.025240384615384616
1 0.5901442307692307 0.8533653846153846 0.030048076923076924 0.20673076923076922
1 0.6778846153846154 0.7932692307692307 0.14423076923076922 0.15384615384615385