1 0.5504807692307693 0.6262019230769231 0.11298076923076923 0.18990384615384615
1 0.5805288461538461 0.47836538461538464 0.06971153846153846 0.10216346153846154
2 0.29927884615384615 0.6478365384615384 0.010817307692307692 0.028846153846153848
2 0.6862980769230769 0.5997596153846154 0.016826923076923076 0.05048076923076923
2 0.6658653846153846 0.8341346153846154 0.01201923076923077 0.03125
2 0.7716346153846154 0.7512019230769231 0.019230769230769232 0.04807692307692308
2 0.3088942307692308 0.7139423076923077 0.009615384615384616 0.027644230769230768
2 0.38461538461538464 0.040865384615384616 0.009615384615384616 0.019230769230769232
2 0.056490384615384616 0.19471153846153846 0.021634615384615384 0.03485576923076923
1 0.5697115384615384 0.9122596153846154 0.021634615384615384 0.17548076923076922
1 0.6141826923076923 0.9735576923076923 0.05889423076923077 0.051682692307692304