1 0.7235576923076923 0.9915865384615384 0.040865384615384616 0.016826923076923076
1 0.921875 0.9627403846153846 0.15625 0.07451923076923077
2 0.8221153846153846 0.8233173076923077 0.056490384615384616 0.054086538461538464
2 0.6995192307692307 0.8689903846153846 0.025240384615384616 0.07091346153846154
2 0.3401442307692308 0.9915865384615384 0.01201923076923077 0.016826923076923076
2 0.25600961538461536 0.8004807692307693 0.014423076923076924 0.025240384615384616
2 0.016826923076923076 0.4699519230769231 0.03125 0.056490384615384616
2 0.10576923076923077 0.28966346153846156 0.014423076923076924 0.025240384615384616
2 0.2956730769230769 0.28365384615384615 0.014423076923076924 0.020432692307692308
2 0.3401442307692308 0.14182692307692307 0.015625 0.042067307692307696
2 0.31850961538461536 0.3173076923076923 0.019230769230769232 0.04326923076923077
2 0.9927884615384616 0.38461538461538464 0.014423076923076924 0.019230769230769232
2 0.056490384615384616 0.5444711538461539 0.015625 0.027644230769230768