1 0.8978365384615384 0.9771634615384616 0.08653846153846154 0.04567307692307692
1 0.9747596153846154 0.9891826923076923 0.025240384615384616 0.020432692307692308
2 0.24519230769230768 0.8377403846153846 0.01201923076923077 0.020432692307692308
2 0.8221153846153846 0.8545673076923077 0.051682692307692304 0.05048076923076923
2 0.6995192307692307 0.9038461538461539 0.025240384615384616 0.07091346153846154
2 0.3329326923076923 0.15625 0.015625 0.042067307692307696
2 0.28846153846153844 0.30528846153846156 0.010817307692307692 0.02283653846153846
2 0.3112980769230769 0.3425480769230769 0.015625 0.03485576923076923
2 0.09375 0.31490384615384615 0.01201923076923077 0.03365384615384615
2 0.009615384615384616 0.4951923076923077 0.015625 0.056490384615384616
2 0.040865384615384616 0.5733173076923077 0.014423076923076924 0.025240384615384616