1 0.9182692307692307 0.9411057692307693 0.16346153846153846 0.11658653846153846
1 0.7668269230769231 0.9699519230769231 0.14423076923076922 0.06009615384615385
2 0.2620192307692308 0.7620192307692307 0.014423076923076924 0.020432692307692308
2 0.3473557692307692 0.9699519230769231 0.015625 0.06009615384615385
2 0.6959134615384616 0.8305288461538461 0.020432692307692308 0.06009615384615385
2 0.8137019230769231 0.7872596153846154 0.056490384615384616 0.054086538461538464
2 0.9891826923076923 0.36538461538461536 0.01201923076923077 0.019230769230769232
2 0.3449519230769231 0.12620192307692307 0.014423076923076924 0.039663461538461536
2 0.3004807692307692 0.26802884615384615 0.014423076923076924 0.02283653846153846
2 0.32572115384615385 0.2980769230769231 0.016826923076923076 0.037259615384615384
2 0.11298076923076923 0.27403846153846156 0.01201923076923077 0.027644230769230768
2 0.025240384615384616 0.44471153846153844 0.030048076923076924 0.056490384615384616