1 0.9134615384615384 0.9290865384615384 0.171875 0.14182692307692307
1 0.7632211538461539 0.9543269230769231 0.13221153846153846 0.09134615384615384
2 0.2668269230769231 0.7391826923076923 0.01201923076923077 0.020432692307692308
2 0.35216346153846156 0.9519230769230769 0.016826923076923076 0.07932692307692307
2 0.6923076923076923 0.8028846153846154 0.021634615384615384 0.06009615384615385
2 0.8112980769230769 0.7620192307692307 0.046875 0.04326923076923077
2 0.9831730769230769 0.3557692307692308 0.015625 0.020432692307692308
2 0.30528846153846156 0.2620192307692308 0.01201923076923077 0.020432692307692308
2 0.32572115384615385 0.296875 0.020432692307692308 0.039663461538461536
2 0.34615384615384615 0.125 0.014423076923076924 0.037259615384615384
2 0.11899038461538461 0.2692307692307692 0.014423076923076924 0.028846153846153848
2 0.03485576923076923 0.4326923076923077 0.027644230769230768 0.051682692307692304