1 0.7487980769230769 0.9278846153846154 0.1466346153846154 0.09735576923076923
1 0.9098557692307693 0.9002403846153846 0.18028846153846154 0.1502403846153846
2 0.2704326923076923 0.7151442307692307 0.01201923076923077 0.020432692307692308
2 0.35336538461538464 0.9158653846153846 0.015625 0.08173076923076923
2 0.6862980769230769 0.7704326923076923 0.020432692307692308 0.054086538461538464
2 0.8028846153846154 0.7355769230769231 0.055288461538461536 0.054086538461538464
2 0.9711538461538461 0.3401442307692308 0.014423076923076924 0.019230769230769232
2 0.34375 0.11658653846153846 0.015625 0.037259615384615384
2 0.30288461538461536 0.24879807692307693 0.015625 0.019230769230769232
2 0.3269230769230769 0.2776442307692308 0.016826923076923076 0.039663461538461536
2 0.12139423076923077 0.25841346153846156 0.01201923076923077 0.025240384615384616
2 0.037259615384615384 0.41586538461538464 0.027644230769230768 0.056490384615384616
2 0.9927884615384616 0.6995192307692307 0.01201923076923077 0.025240384615384616
1 0.9855769230769231 0.9879807692307693 0.02403846153846154 0.02283653846153846
1 0.8365384615384616 0.9819711538461539 0.057692307692307696 0.03485576923076923