1 0.7403846153846154 0.8894230769230769 0.15144230769230768 0.09975961538461539
1 0.9074519230769231 0.8641826923076923 0.18389423076923078 0.1502403846153846
2 0.2764423076923077 0.6814903846153846 0.01201923076923077 0.025240384615384616
2 0.359375 0.8786057692307693 0.019230769230769232 0.08533653846153846
2 0.6850961538461539 0.7415865384615384 0.026442307692307692 0.06610576923076923
2 0.8004807692307693 0.6995192307692307 0.055288461538461536 0.05048076923076923
2 0.984375 0.6730769230769231 0.01201923076923077 0.025240384615384616
2 0.9663461538461539 0.3233173076923077 0.014423076923076924 0.016826923076923076
2 0.34975961538461536 0.10576923076923077 0.014423076923076924 0.037259615384615384
2 0.3088942307692308 0.234375 0.01201923076923077 0.019230769230769232
2 0.3329326923076923 0.26322115384615385 0.015625 0.03485576923076923
2 0.12860576923076922 0.24158653846153846 0.010817307692307692 0.025240384615384616
2 0.04807692307692308 0.39783653846153844 0.027644230769230768 0.05048076923076923
2 0.7091346153846154 0.9855769230769231 0.109375 0.028846153846153848
2 0.390625 0.9807692307692307 0.20673076923076922 0.03365384615384615
1 0.8125 0.9519230769230769 0.09014423076923077 0.0625
1 0.9819711538461539 0.9603365384615384 0.036057692307692304 0.0625