1 0.32091346153846156 0.7319711538461539 0.10817307692307693 0.09014423076923077
1 0.4098557692307692 0.6069711538461539 0.1346153846153846 0.15985576923076922
1 0.6201923076923077 0.31009615384615385 0.05889423076923077 0.08774038461538461
1 0.5396634615384616 0.30649038461538464 0.10096153846153846 0.037259615384615384
1 0.640625 0.21995192307692307 0.037259615384615384 0.07692307692307693
2 0.12139423076923077 0.9879807692307693 0.015625 0.02283653846153846
2 0.28846153846153844 0.5733173076923077 0.021634615384615384 0.042067307692307696
2 0.6622596153846154 0.6646634615384616 0.019230769230769232 0.025240384615384616
2 0.39302884615384615 0.01201923076923077 0.026442307692307692 0.019230769230769232
2 0.32211538461538464 0.875 0.09735576923076923 0.1622596153846154
1 0.3870192307692308 0.7283653846153846 0.04326923076923077 0.12259615384615384
1 0.47836538461538464 0.9555288461538461 0.016826923076923076 0.051682692307692304