1 0.3762019230769231 0.7139423076923077 0.09495192307692307 0.07692307692307693
1 0.4699519230769231 0.6021634615384616 0.13581730769230768 0.1502403846153846
1 0.7019230769230769 0.3317307692307692 0.057692307692307696 0.09735576923076923
1 0.6334134615384616 0.32211538461538464 0.07932692307692307 0.03125
1 0.7283653846153846 0.22956730769230768 0.038461538461538464 0.09975961538461539
2 0.1622596153846154 0.9495192307692307 0.016826923076923076 0.025240384615384616
2 0.34975961538461536 0.5504807692307693 0.03485576923076923 0.08173076923076923
2 0.7175480769230769 0.6911057692307693 0.014423076923076924 0.025240384615384616
2 0.49759615384615385 0.01201923076923077 0.016826923076923076 0.019230769230769232
2 0.34615384615384615 0.17668269230769232 0.014423076923076924 0.020432692307692308
2 0.4639423076923077 0.42427884615384615 0.01201923076923077 0.019230769230769232
2 0.34975961538461536 0.8822115384615384 0.0829326923076923 0.11057692307692307
1 0.4375 0.7295673076923077 0.056490384615384616 0.12860576923076922
2 0.8004807692307693 0.609375 0.07451923076923077 0.11899038461538461
2 0.8870192307692307 0.8966346153846154 0.016826923076923076 0.09375
1 0.5588942307692307 0.3870192307692308 0.057692307692307696 0.11298076923076923
2 0.6213942307692307 0.23197115384615385 0.042067307692307696 0.1310096153846154
1 0.5120192307692307 0.9567307692307693 0.019230769230769232 0.056490384615384616