1 0.3786057692307692 0.9783653846153846 0.055288461538461536 0.04326923076923077
1 0.4651442307692308 0.8533653846153846 0.15745192307692307 0.21033653846153846
1 0.7355769230769231 0.4987980769230769 0.07692307692307693 0.14783653846153846
1 0.6550480769230769 0.47716346153846156 0.08413461538461539 0.04567307692307692
1 0.7620192307692307 0.35336538461538464 0.042067307692307696 0.1310096153846154
2 0.32091346153846156 0.7872596153846154 0.03245192307692308 0.08774038461538461
2 0.45913461538461536 0.6057692307692307 0.01201923076923077 0.019230769230769232
2 0.7560096153846154 0.9783653846153846 0.01201923076923077 0.03125
2 0.3245192307692308 0.28846153846153844 0.01201923076923077 0.019230769230769232
2 0.4987980769230769 0.0733173076923077 0.020432692307692308 0.04567307692307692
2 0.5168269230769231 0.03485576923076923 0.01201923076923077 0.020432692307692308
2 0.8545673076923077 0.8689903846153846 0.09735576923076923 0.17548076923076922
1 0.5685096153846154 0.5637019230769231 0.06610576923076923 0.14423076923076922
2 0.6370192307692307 0.359375 0.05048076923076923 0.16826923076923078
1 0.44350961538461536 0.9771634615384616 0.027644230769230768 0.04567307692307692