1 0.46153846153846156 0.9278846153846154 0.17067307692307693 0.14423076923076922
1 0.7379807692307693 0.5757211538461539 0.078125 0.16466346153846154
1 0.6586538461538461 0.5504807692307693 0.07932692307692307 0.05048076923076923
1 0.7740384615384616 0.41947115384615385 0.046875 0.14423076923076922
2 0.30649038461538464 0.9074519230769231 0.05048076923076923 0.13942307692307693
2 0.4987980769230769 0.10576923076923077 0.02403846153846154 0.05048076923076923
2 0.515625 0.0673076923076923 0.015625 0.019230769230769232
2 0.3161057692307692 0.3449519230769231 0.015625 0.019230769230769232
2 0.32572115384615385 0.7079326923076923 0.020432692307692308 0.04567307692307692
2 0.453125 0.6995192307692307 0.015625 0.020432692307692308
2 0.8521634615384616 0.9483173076923077 0.057692307692307696 0.09975961538461539
1 0.5709134615384616 0.6550480769230769 0.0673076923076923 0.15625
2 0.6466346153846154 0.42788461538461536 0.057692307692307696 0.18990384615384615