1 0.7872596153846154 0.8064903846153846 0.09014423076923077 0.19951923076923078
1 0.6911057692307693 0.7788461538461539 0.10576923076923077 0.07091346153846154
1 0.8125 0.6069711538461539 0.056490384615384616 0.18990384615384615
2 0.44591346153846156 0.9759615384615384 0.016826923076923076 0.03125
2 0.2980769230769231 0.49759615384615385 0.015625 0.020432692307692308
2 0.5060096153846154 0.2091346153846154 0.02403846153846154 0.056490384615384616
2 0.5192307692307693 0.02283653846153846 0.06610576923076923 0.042067307692307696
2 0.5252403846153846 0.16346153846153846 0.019230769230769232 0.027644230769230768
2 0.9495192307692307 0.23557692307692307 0.015625 0.020432692307692308
2 0.9326923076923077 0.010817307692307692 0.015625 0.016826923076923076
2 0.8942307692307693 0.08173076923076923 0.0625 0.05048076923076923
1 0.609375 0.9074519230769231 0.109375 0.18509615384615385
2 0.671875 0.6117788461538461 0.056490384615384616 0.23557692307692307