1 0.7572115384615384 0.19951923076923078 0.171875 0.1045673076923077
2 0.21875 0.6911057692307693 0.10336538461538461 0.15384615384615385
2 0.05048076923076923 0.0673076923076923 0.04326923076923077 0.03125
2 0.6682692307692307 0.5745192307692307 0.014423076923076924 0.020432692307692308
2 0.9375 0.36658653846153844 0.05048076923076923 0.037259615384615384
2 0.8028846153846154 0.47115384615384615 0.015625 0.025240384615384616
2 0.9338942307692307 0.7103365384615384 0.01201923076923077 0.025240384615384616
2 0.9026442307692307 0.6899038461538461 0.014423076923076924 0.025240384615384616
1 0.5252403846153846 0.9483173076923077 0.026442307692307692 0.10336538461538461
1 0.8161057692307693 0.8725961538461539 0.25 0.2536057692307692
1 0.9699519230769231 0.6694711538461539 0.037259615384615384 0.10216346153846154
2 0.9435096153846154 0.6201923076923077 0.015625 0.02283653846153846
2 0.8197115384615384 0.5588942307692307 0.026442307692307692 0.056490384615384616
2 0.8052884615384616 0.6550480769230769 0.046875 0.1141826923076923
2 0.7932692307692307 0.38221153846153844 0.036057692307692304 0.06009615384615385
2 0.6838942307692307 0.6610576923076923 0.036057692307692304 0.15625