1 0.7367788461538461 0.2824519230769231 0.17668269230769232 0.1310096153846154
2 0.14903846153846154 0.9182692307692307 0.10576923076923077 0.1622596153846154
2 0.6610576923076923 0.7536057692307693 0.015625 0.025240384615384616
2 0.9278846153846154 0.8810096153846154 0.015625 0.025240384615384616
2 0.9651442307692307 0.9050480769230769 0.016826923076923076 0.03485576923076923
2 0.9459134615384616 0.4699519230769231 0.051682692307692304 0.03485576923076923
1 0.9362980769230769 0.9783653846153846 0.021634615384615384 0.039663461538461536
1 0.9783653846153846 0.8076923076923077 0.04326923076923077 0.09014423076923077
2 0.8185096153846154 0.84375 0.04567307692307692 0.13701923076923078
2 0.7872596153846154 0.49038461538461536 0.040865384615384616 0.06850961538461539
2 0.7427884615384616 0.5252403846153846 0.040865384615384616 0.125
2 0.6838942307692307 0.8786057692307693 0.051682692307692304 0.24158653846153846
2 0.828125 0.7127403846153846 0.03125 0.08774038461538461
2 0.9747596153846154 0.3545673076923077 0.03125 0.05048076923076923