2 0.6995192307692307 0.8028846153846154 0.13942307692307693 0.02283653846153846
2 0.8762019230769231 0.4387019230769231 0.016826923076923076 0.03485576923076923
2 0.890625 0.4879807692307692 0.019230769230769232 0.03125
2 0.9098557692307693 0.5324519230769231 0.010817307692307692 0.02283653846153846
2 0.7427884615384616 0.3870192307692308 0.014423076923076924 0.016826923076923076
2 0.45913461538461536 0.36538461538461536 0.009615384615384616 0.019230769230769232
2 0.5048076923076923 0.4182692307692308 0.015625 0.019230769230769232
2 0.21754807692307693 0.4891826923076923 0.08653846153846154 0.0829326923076923
2 0.8725961538461539 0.4098557692307692 0.010817307692307692 0.02283653846153846
2 0.9254807692307693 0.5661057692307693 0.016826923076923076 0.025240384615384616
2 0.9495192307692307 0.5925480769230769 0.01201923076923077 0.019230769230769232