2 0.6995192307692307 0.8016826923076923 0.14543269230769232 0.025240384615384616
2 0.875 0.39663461538461536 0.01201923076923077 0.039663461538461536
2 0.8942307692307693 0.484375 0.015625 0.03125
2 0.9134615384615384 0.5336538461538461 0.010817307692307692 0.025240384615384616
2 0.7463942307692307 0.3870192307692308 0.014423076923076924 0.019230769230769232
2 0.5084134615384616 0.41947115384615385 0.014423076923076924 0.019230769230769232
2 0.21875 0.4807692307692308 0.08413461538461539 0.07451923076923077
2 0.46153846153846156 0.3641826923076923 0.014423076923076924 0.020432692307692308
2 0.8762019230769231 0.43990384615384615 0.01201923076923077 0.03365384615384615
2 0.9290865384615384 0.5661057692307693 0.016826923076923076 0.025240384615384616
2 0.9519230769230769 0.5925480769230769 0.01201923076923077 0.019230769230769232