1 0.5168269230769231 0.26802884615384615 0.02283653846153846 0.014423076923076924
1 0.3557692307692308 0.4795673076923077 0.038461538461538464 0.030048076923076924
1 0.6045673076923077 0.5216346153846154 0.040865384615384616 0.042067307692307696
1 0.5721153846153846 0.4639423076923077 0.020432692307692308 0.042067307692307696
1 0.41346153846153844 0.5384615384615384 0.1045673076923077 0.046875
1 0.4375 0.3125 0.12860576923076922 0.1622596153846154
0 0.5805288461538461 0.6502403846153846 0.056490384615384616 0.019230769230769232
0 0.6490384615384616 0.3401442307692308 0.042067307692307696 0.03365384615384615
0 0.3425480769230769 0.3317307692307692 0.052884615384615384 0.046875
0 0.46274038461538464 0.7355769230769231 0.026442307692307692 0.026442307692307692
0 0.5528846153846154 0.17307692307692307 0.06850961538461539 0.08173076923076923