1 0.46634615384615385 0.21875 0.025240384615384616 0.020432692307692308
1 0.4795673076923077 0.24158653846153846 0.026442307692307692 0.015625
1 0.8221153846153846 0.36778846153846156 0.037259615384615384 0.03125
1 0.9747596153846154 0.4362980769230769 0.038461538461538464 0.037259615384615384
1 0.2512019230769231 0.31971153846153844 0.040865384615384616 0.025240384615384616
1 0.30288461538461536 0.5360576923076923 0.05889423076923077 0.06129807692307692
1 0.3004807692307692 0.5985576923076923 0.013221153846153846 0.025240384615384616
1 0.3918269230769231 0.609375 0.016826923076923076 0.015625
1 0.47115384615384615 0.7199519230769231 0.018028846153846152 0.016826923076923076
1 0.6141826923076923 0.7512019230769231 0.016826923076923076 0.03245192307692308
1 0.6262019230769231 0.7247596153846154 0.019230769230769232 0.014423076923076924
1 0.6322115384615384 0.6454326923076923 0.109375 0.13221153846153846
0 0.4411057692307692 0.6262019230769231 0.08052884615384616 0.07692307692307693
0 0.546875 0.5552884615384616 0.020432692307692308 0.02403846153846154
0 0.6382211538461539 0.5432692307692307 0.020432692307692308 0.03485576923076923
0 0.6370192307692307 0.5240384615384616 0.055288461538461536 0.02283653846153846
0 0.5420673076923077 0.5132211538461539 0.13581730769230768 0.0673076923076923
0 0.4411057692307692 0.5144230769230769 0.046875 0.036057692307692304
0 0.5300480769230769 0.43149038461538464 0.055288461538461536 0.02403846153846154