2 0.9074519230769231 0.2860576923076923 0.018028846153846152 0.010817307692307692
2 0.9242788461538461 0.30528846153846156 0.013221153846153846 0.008413461538461538
2 0.9471153846153846 0.3016826923076923 0.009615384615384616 0.007211538461538462
2 0.9314903846153846 0.4987980769230769 0.019230769230769232 0.021634615384615384
2 0.8954326923076923 0.6911057692307693 0.021634615384615384 0.014423076923076924
2 0.9134615384615384 0.7199519230769231 0.013221153846153846 0.008413461538461538
2 0.9495192307692307 0.7043269230769231 0.013221153846153846 0.013221153846153846
2 0.36538461538461536 0.36538461538461536 0.018028846153846152 0.010817307692307692
2 0.47716346153846156 0.04927884615384615 0.019230769230769232 0.02283653846153846
1 0.35216346153846156 0.6971153846153846 0.04927884615384615 0.03125
1 0.3786057692307692 0.6586538461538461 0.05889423076923077 0.042067307692307696
1 0.4230769230769231 0.6237980769230769 0.042067307692307696 0.03365384615384615
1 0.6983173076923077 0.45552884615384615 0.019230769230769232 0.06850961538461539
1 0.6995192307692307 0.36778846153846156 0.046875 0.07091346153846154
0 0.5360576923076923 0.3762019230769231 0.16346153846153846 0.027644230769230768
0 0.4651442307692308 0.4519230769230769 0.019230769230769232 0.04447115384615385
0 0.5564903846153846 0.6310096153846154 0.05048076923076923 0.057692307692307696
0 0.5576923076923077 0.7019230769230769 0.05889423076923077 0.042067307692307696
0 0.3076923076923077 0.3329326923076923 0.06971153846153846 0.042067307692307696
0 0.7199519230769231 0.5384615384615384 0.14543269230769232 0.09254807692307693
1 0.5709134615384616 0.43509615384615385 0.019230769230769232 0.014423076923076924