0 0.5432692307692307 0.3173076923076923 0.06971153846153846 0.09134615384615384
0 0.43149038461538464 0.39903846153846156 0.06129807692307692 0.037259615384615384
0 0.4519230769230769 0.4879807692307692 0.036057692307692304 0.04567307692307692
0 0.59375 0.5901442307692307 0.018028846153846152 0.025240384615384616
0 0.7427884615384616 0.5697115384615384 0.027644230769230768 0.039663461538461536
0 0.5336538461538461 0.4483173076923077 0.030048076923076924 0.042067307692307696
1 0.5144230769230769 0.6117788461538461 0.019230769230769232 0.015625
1 0.5817307692307693 0.6442307692307693 0.015625 0.013221153846153846
1 0.5144230769230769 0.6995192307692307 0.010817307692307692 0.008413461538461538
1 0.47596153846153844 0.7271634615384616 0.04447115384615385 0.038461538461538464
1 0.4639423076923077 0.65625 0.07211538461538461 0.09375
1 0.7007211538461539 0.45072115384615385 0.037259615384615384 0.04807692307692308
1 0.703125 0.49158653846153844 0.037259615384615384 0.026442307692307692
2 0.6478365384615384 0.7560096153846154 0.019230769230769232 0.016826923076923076