0 0.6538461538461539 0.375 0.030048076923076924 0.09375
0 0.5012019230769231 0.4074519230769231 0.057692307692307696 0.03365384615384615
0 0.4639423076923077 0.48677884615384615 0.037259615384615384 0.038461538461538464
0 0.5612980769230769 0.4831730769230769 0.04807692307692308 0.027644230769230768
0 0.6634615384615384 0.6574519230769231 0.04447115384615385 0.028846153846153848
0 0.5240384615384616 0.6262019230769231 0.026442307692307692 0.025240384615384616
2 0.4675480769230769 0.7848557692307693 0.028846153846153848 0.008413461538461538
1 0.44350961538461536 0.6189903846153846 0.020432692307692308 0.014423076923076924
1 0.48197115384615385 0.6694711538461539 0.014423076923076924 0.01201923076923077
1 0.6911057692307693 0.5408653846153846 0.04447115384615385 0.040865384615384616
1 0.6778846153846154 0.5769230769230769 0.03365384615384615 0.025240384615384616
1 0.390625 0.6911057692307693 0.009615384615384616 0.016826923076923076
1 0.3401442307692308 0.7043269230769231 0.04567307692307692 0.038461538461538464
1 0.3641826923076923 0.6358173076923077 0.07572115384615384 0.09495192307692307