1 0.984375 0.4423076923076923 0.03125 0.038461538461538464
1 0.8377403846153846 0.375 0.037259615384615384 0.03365384615384615
1 0.484375 0.22355769230769232 0.027644230769230768 0.021634615384615384
1 0.4963942307692308 0.24639423076923078 0.027644230769230768 0.016826923076923076
1 0.26802884615384615 0.32091346153846156 0.04326923076923077 0.026442307692307692
1 0.3112980769230769 0.5985576923076923 0.018028846153846152 0.025240384615384616
1 0.31490384615384615 0.5384615384615384 0.06610576923076923 0.06129807692307692
1 0.4014423076923077 0.6117788461538461 0.02283653846153846 0.018028846153846152
1 0.47716346153846156 0.7247596153846154 0.018028846153846152 0.015625
1 0.6201923076923077 0.7572115384615384 0.019230769230769232 0.036057692307692304
1 0.6346153846153846 0.7283653846153846 0.020432692307692308 0.015625
1 0.640625 0.6466346153846154 0.10817307692307693 0.1346153846153846
0 0.6466346153846154 0.5480769230769231 0.020432692307692308 0.03365384615384615
0 0.6466346153846154 0.5288461538461539 0.056490384615384616 0.02403846153846154
0 0.5576923076923077 0.5588942307692307 0.018028846153846152 0.026442307692307692
0 0.5540865384615384 0.5180288461538461 0.13822115384615385 0.0673076923076923
0 0.4495192307692308 0.515625 0.040865384615384616 0.03365384615384615
0 0.5420673076923077 0.43509615384615385 0.052884615384615384 0.02403846153846154
0 0.4495192307692308 0.6298076923076923 0.08052884615384616 0.07692307692307693