1 0.4362980769230769 0.5721153846153846 0.02403846153846154 0.016826923076923076
1 0.5096153846153846 0.6033653846153846 0.015625 0.014423076923076924
1 0.43990384615384615 0.6598557692307693 0.02283653846153846 0.015625
1 0.38341346153846156 0.6213942307692307 0.08173076923076923 0.09375
1 0.4014423076923077 0.6935096153846154 0.052884615384615384 0.04326923076923077
1 0.6346153846153846 0.44471153846153844 0.038461538461538464 0.03245192307692308
1 0.6286057692307693 0.39663461538461536 0.042067307692307696 0.05048076923076923
2 0.5817307692307693 0.7175480769230769 0.02283653846153846 0.020432692307692308
0 0.36177884615384615 0.43990384615384615 0.037259615384615384 0.04807692307692308
0 0.4495192307692308 0.3954326923076923 0.03125 0.046875
0 0.6778846153846154 0.5216346153846154 0.027644230769230768 0.042067307692307696
0 0.5216346153846154 0.546875 0.021634615384615384 0.028846153846153848
0 0.4519230769230769 0.24879807692307693 0.078125 0.0985576923076923
0 0.33413461538461536 0.3449519230769231 0.07091346153846154 0.04447115384615385