1 0.2980769230769231 0.3401442307692308 0.04447115384615385 0.02403846153846154
1 0.8665865384615384 0.3713942307692308 0.03365384615384615 0.03125
1 0.3449519230769231 0.6153846153846154 0.02403846153846154 0.02403846153846154
1 0.3473557692307692 0.5528846153846154 0.057692307692307696 0.0625
1 0.6658653846153846 0.7776442307692307 0.01201923076923077 0.018028846153846152
1 0.5216346153846154 0.7367788461538461 0.016826923076923076 0.014423076923076924
1 0.6778846153846154 0.65625 0.10216346153846154 0.13581730769230768
1 0.6802884615384616 0.7403846153846154 0.014423076923076924 0.01201923076923077
0 0.4879807692307692 0.6418269230769231 0.08052884615384616 0.08052884615384616
0 0.6850961538461539 0.5528846153846154 0.02283653846153846 0.036057692307692304
0 0.6838942307692307 0.5348557692307693 0.056490384615384616 0.026442307692307692
0 0.5925480769230769 0.5673076923076923 0.016826923076923076 0.027644230769230768
0 0.5865384615384616 0.5240384615384616 0.12740384615384615 0.07211538461538461
0 0.48677884615384615 0.5288461538461539 0.04567307692307692 0.04326923076923077
0 0.5745192307692307 0.4423076923076923 0.06610576923076923 0.025240384615384616