1 0.3942307692307692 0.25240384615384615 0.14543269230769232 0.09975961538461539
1 0.25721153846153844 0.22235576923076922 0.1045673076923077 0.04807692307692308
1 0.24759615384615385 0.28846153846153844 0.01201923076923077 0.01201923076923077
1 0.2692307692307692 0.3762019230769231 0.11057692307692307 0.052884615384615384
1 0.15865384615384615 0.41586538461538464 0.057692307692307696 0.021634615384615384
1 0.203125 0.42788461538461536 0.009615384615384616 0.007211538461538462
1 0.21634615384615385 0.4519230769230769 0.013221153846153846 0.010817307692307692
1 0.21394230769230768 0.4723557692307692 0.015625 0.010817307692307692
1 0.21995192307692307 0.5588942307692307 0.015625 0.040865384615384616
1 0.2127403846153846 0.4951923076923077 0.01201923076923077 0.027644230769230768
1 0.17668269230769232 0.890625 0.026442307692307692 0.04567307692307692
1 0.18629807692307693 0.828125 0.016826923076923076 0.03245192307692308
1 0.203125 0.9483173076923077 0.037259615384615384 0.020432692307692308
1 0.11658653846153846 0.9459134615384616 0.06610576923076923 0.057692307692307696
1 0.10336538461538461 0.8810096153846154 0.03365384615384615 0.028846153846153848
1 0.17908653846153846 0.984375 0.01201923076923077 0.006009615384615385
1 0.22235576923076922 0.984375 0.009615384615384616 0.006009615384615385
0 0.39783653846153844 0.4855769230769231 0.07572115384615384 0.042067307692307696
0 0.4831730769230769 0.37740384615384615 0.025240384615384616 0.026442307692307692
0 0.6466346153846154 0.7067307692307693 0.09975961538461539 0.13341346153846154
0 0.4855769230769231 0.6899038461538461 0.03365384615384615 0.12379807692307693
0 0.40625 0.6370192307692307 0.06971153846153846 0.039663461538461536
0 0.5144230769230769 0.5072115384615384 0.051682692307692304 0.05048076923076923
0 0.5649038461538461 0.4483173076923077 0.055288461538461536 0.046875