1 0.45913461538461536 0.26802884615384615 0.10697115384615384 0.17908653846153846
1 0.5600961538461539 0.23677884615384615 0.021634615384615384 0.014423076923076924
1 0.5564903846153846 0.44471153846153844 0.014423076923076924 0.04567307692307692
1 0.3125 0.421875 0.013221153846153846 0.008413461538461538
1 0.30649038461538464 0.3954326923076923 0.008413461538461538 0.007211538461538462
1 0.33413461538461536 0.41947115384615385 0.03125 0.03245192307692308
1 0.38100961538461536 0.49038461538461536 0.1045673076923077 0.054086538461538464
1 0.5721153846153846 0.5072115384615384 0.04447115384615385 0.04447115384615385
0 0.36778846153846156 0.703125 0.03365384615384615 0.028846153846153848
0 0.5096153846153846 0.6334134615384616 0.057692307692307696 0.026442307692307692
0 0.6670673076923077 0.33413461538461536 0.036057692307692304 0.042067307692307696
0 0.36778846153846156 0.2692307692307692 0.05889423076923077 0.04927884615384615
0 0.6225961538461539 0.15384615384615385 0.08173076923076923 0.0733173076923077