1 0.40625 0.28725961538461536 0.14423076923076922 0.10096153846153846
1 0.2704326923076923 0.25721153846153844 0.1045673076923077 0.04567307692307692
1 0.25961538461538464 0.32091346153846156 0.014423076923076924 0.009615384615384616
1 0.28125 0.40865384615384615 0.109375 0.052884615384615384
1 0.16826923076923078 0.44711538461538464 0.056490384615384616 0.021634615384615384
1 0.2247596153846154 0.5889423076923077 0.013221153846153846 0.040865384615384616
1 0.22355769230769232 0.5036057692307693 0.014423076923076924 0.013221153846153846
1 0.21634615384615385 0.5276442307692307 0.01201923076923077 0.03485576923076923
1 0.22355769230769232 0.48197115384615385 0.009615384615384616 0.010817307692307692
1 0.2127403846153846 0.4579326923076923 0.008413461538461538 0.009615384615384616
1 0.17067307692307693 0.9230769230769231 0.030048076923076924 0.04927884615384615
1 0.18870192307692307 0.8533653846153846 0.020432692307692308 0.03485576923076923
1 0.1971153846153846 0.9771634615384616 0.040865384615384616 0.03245192307692308
1 0.09735576923076923 0.9122596153846154 0.027644230769230768 0.03245192307692308
1 0.11177884615384616 0.9711538461538461 0.06370192307692307 0.04807692307692308
0 0.4098557692307692 0.6694711538461539 0.06490384615384616 0.042067307692307696
0 0.40384615384615385 0.515625 0.0733173076923077 0.037259615384615384
0 0.49399038461538464 0.4110576923076923 0.025240384615384616 0.02283653846153846
0 0.5721153846153846 0.48197115384615385 0.055288461538461536 0.04567307692307692
0 0.5216346153846154 0.5408653846153846 0.056490384615384616 0.05048076923076923
0 0.4855769230769231 0.7235576923076923 0.025240384615384616 0.12259615384615384
0 0.6538461538461539 0.7451923076923077 0.09735576923076923 0.13221153846153846