1 0.3173076923076923 0.9915865384615384 0.026442307692307692 0.014423076923076924
1 0.41466346153846156 0.0829326923076923 0.09254807692307693 0.06009615384615385
1 0.4951923076923077 0.1502403846153846 0.08653846153846154 0.054086538461538464
1 0.49158653846153844 0.10576923076923077 0.052884615384615384 0.026442307692307692
1 0.6298076923076923 0.4110576923076923 0.1201923076923077 0.1346153846153846
1 0.6490384615384616 0.5012019230769231 0.025240384615384616 0.018028846153846152
1 0.5432692307692307 0.4423076923076923 0.013221153846153846 0.010817307692307692
1 0.5036057692307693 0.30288461538461536 0.021634615384615384 0.038461538461538464
1 0.4807692307692308 0.3293269230769231 0.016826923076923076 0.016826923076923076
1 0.4795673076923077 0.35697115384615385 0.016826923076923076 0.02403846153846154
1 0.47836538461538464 0.38461538461538464 0.010817307692307692 0.013221153846153846
1 0.4579326923076923 0.41947115384615385 0.027644230769230768 0.015625
1 0.4735576923076923 0.49158653846153844 0.02403846153846154 0.018028846153846152
1 0.4963942307692308 0.47716346153846156 0.07091346153846154 0.13942307692307693
1 0.43509615384615385 0.5853365384615384 0.026442307692307692 0.025240384615384616
1 0.3918269230769231 0.6574519230769231 0.06009615384615385 0.054086538461538464
1 0.44711538461538464 0.6490384615384616 0.038461538461538464 0.026442307692307692