2 0.3137019230769231 0.24759615384615385 0.010817307692307692 0.014423076923076924
2 0.15865384615384615 0.08173076923076923 0.007211538461538462 0.01201923076923077
2 0.33533653846153844 0.16346153846153846 0.008413461538461538 0.007211538461538462
2 0.3485576923076923 0.18870192307692307 0.007211538461538462 0.008413461538461538
1 0.5805288461538461 0.4795673076923077 0.021634615384615384 0.027644230769230768
1 0.6586538461538461 0.33774038461538464 0.09134615384615384 0.07091346153846154
1 0.7247596153846154 0.35096153846153844 0.015625 0.025240384615384616
1 0.7596153846153846 0.36538461538461536 0.016826923076923076 0.019230769230769232
1 0.36177884615384615 0.6802884615384616 0.019230769230769232 0.027644230769230768
1 0.2439903846153846 0.5336538461538461 0.007211538461538462 0.013221153846153846
1 0.30649038461538464 0.5793269230769231 0.009615384615384616 0.01201923076923077
1 0.2439903846153846 0.5877403846153846 0.08774038461538461 0.09014423076923077
1 0.31009615384615385 0.6418269230769231 0.03485576923076923 0.056490384615384616
0 0.45913461538461536 0.3954326923076923 0.06490384615384616 0.046875
0 0.28125 0.6935096153846154 0.04326923076923077 0.040865384615384616
0 0.4050480769230769 0.7223557692307693 0.055288461538461536 0.03365384615384615
0 0.3870192307692308 0.6262019230769231 0.0673076923076923 0.039663461538461536
0 0.4182692307692308 0.8713942307692307 0.13581730769230768 0.0673076923076923
0 0.53125 0.8088942307692307 0.0673076923076923 0.04927884615384615
0 0.40865384615384615 0.5456730769230769 0.171875 0.140625