1 0.5072115384615384 0.22115384615384615 0.030048076923076924 0.018028846153846152
1 0.5228365384615384 0.24158653846153846 0.030048076923076924 0.019230769230769232
1 0.29447115384615385 0.31971153846153844 0.04567307692307692 0.027644230769230768
1 0.8629807692307693 0.3737980769230769 0.03245192307692308 0.03485576923076923
1 0.4963942307692308 0.7223557692307693 0.019230769230769232 0.014423076923076924
1 0.640625 0.7572115384615384 0.016826923076923076 0.03485576923076923
1 0.6550480769230769 0.7331730769230769 0.010817307692307692 0.009615384615384616
1 0.6574519230769231 0.6478365384615384 0.10697115384615384 0.1346153846153846
1 0.6466346153846154 0.7235576923076923 0.010817307692307692 0.009615384615384616
1 0.421875 0.609375 0.019230769230769232 0.014423076923076924
1 0.33052884615384615 0.5961538461538461 0.013221153846153846 0.02403846153846154
1 0.33533653846153844 0.5348557692307693 0.06009615384615385 0.06129807692307692
0 0.4675480769230769 0.6286057692307693 0.08052884615384616 0.07572115384615384
0 0.578125 0.5576923076923077 0.019230769230769232 0.026442307692307692
0 0.6706730769230769 0.5480769230769231 0.01201923076923077 0.03245192307692308
0 0.6694711538461539 0.5288461538461539 0.054086538461538464 0.02403846153846154
0 0.5745192307692307 0.5180288461538461 0.13822115384615385 0.07211538461538461
0 0.47115384615384615 0.5144230769230769 0.04326923076923077 0.038461538461538464
0 0.5637019230769231 0.4338942307692308 0.052884615384615384 0.028846153846153848