1 0.43149038461538464 0.26322115384615385 0.14783653846153846 0.10336538461538461
1 0.2956730769230769 0.23076923076923078 0.10697115384615384 0.04927884615384615
1 0.28365384615384615 0.2956730769230769 0.013221153846153846 0.013221153846153846
1 0.3016826923076923 0.3858173076923077 0.11538461538461539 0.052884615384615384
1 0.19230769230769232 0.42427884615384615 0.06129807692307692 0.02283653846153846
1 0.2439903846153846 0.5661057692307693 0.015625 0.040865384615384616
1 0.23918269230769232 0.44591346153846156 0.015625 0.03125
1 0.24158653846153846 0.4795673076923077 0.014423076923076924 0.013221153846153846
1 0.23918269230769232 0.5072115384615384 0.01201923076923077 0.03485576923076923
1 0.20192307692307693 0.8329326923076923 0.016826923076923076 0.026442307692307692
1 0.1875 0.8990384615384616 0.027644230769230768 0.04567307692307692
1 0.20793269230769232 0.9579326923076923 0.03125 0.02283653846153846
1 0.1141826923076923 0.8870192307692307 0.028846153846153848 0.026442307692307692
1 0.10576923076923077 0.9362980769230769 0.027644230769230768 0.040865384615384616
1 0.13701923076923078 0.9747596153846154 0.030048076923076924 0.018028846153846152
1 0.14543269230769232 0.9519230769230769 0.037259615384615384 0.014423076923076924
1 0.20793269230769232 0.9939903846153846 0.05048076923076923 0.008413461538461538
0 0.43028846153846156 0.6514423076923077 0.06850961538461539 0.040865384615384616
0 0.5036057692307693 0.7067307692307693 0.030048076923076924 0.125
0 0.6730769230769231 0.7307692307692307 0.09735576923076923 0.1346153846153846
0 0.5444711538461539 0.5228365384615384 0.052884615384615384 0.04927884615384615
0 0.5997596153846154 0.46274038461538464 0.056490384615384616 0.04447115384615385
0 0.5180288461538461 0.3918269230769231 0.026442307692307692 0.028846153846153848
0 0.4266826923076923 0.4987980769230769 0.07692307692307693 0.038461538461538464