2 0.5036057692307693 0.030048076923076924 0.016826923076923076 0.021634615384615384
2 0.42427884615384615 0.10216346153846154 0.025240384615384616 0.013221153846153846
2 0.671875 0.11538461538461539 0.014423076923076924 0.015625
2 0.41466346153846156 0.018028846153846152 0.009615384615384616 0.010817307692307692
2 0.06971153846153846 0.3293269230769231 0.019230769230769232 0.015625
2 0.037259615384615384 0.3329326923076923 0.014423076923076924 0.013221153846153846
2 0.026442307692307692 0.19951923076923078 0.030048076923076924 0.018028846153846152
2 0.8942307692307693 0.640625 0.015625 0.014423076923076924
2 0.9110576923076923 0.6658653846153846 0.013221153846153846 0.007211538461538462
2 0.9435096153846154 0.6514423076923077 0.014423076923076924 0.013221153846153846
2 0.9302884615384616 0.4567307692307692 0.013221153846153846 0.018028846153846152
2 0.9735576923076923 0.44350961538461536 0.010817307692307692 0.010817307692307692
2 0.9122596153846154 0.25721153846153844 0.019230769230769232 0.01201923076923077
2 0.9242788461538461 0.2800480769230769 0.007211538461538462 0.01201923076923077
2 0.9483173076923077 0.27283653846153844 0.008413461538461538 0.008413461538461538
2 0.9711538461538461 0.28725961538461536 0.010817307692307692 0.009615384615384616
0 0.34975961538461536 0.3125 0.0673076923076923 0.042067307692307696
0 0.5673076923076923 0.3485576923076923 0.15384615384615385 0.027644230769230768
0 0.5 0.421875 0.020432692307692308 0.04447115384615385
0 0.5865384615384616 0.5853365384615384 0.04326923076923077 0.051682692307692304
0 0.5901442307692307 0.6538461538461539 0.05889423076923077 0.038461538461538464
0 0.7319711538461539 0.5012019230769231 0.13341346153846154 0.08533653846153846
1 0.4014423076923077 0.6526442307692307 0.04567307692307692 0.027644230769230768
1 0.42427884615384615 0.6153846153846154 0.055288461538461536 0.037259615384615384
1 0.46274038461538464 0.5841346153846154 0.03485576923076923 0.03245192307692308
1 0.71875 0.42427884615384615 0.021634615384615384 0.0673076923076923
1 0.7151442307692307 0.3389423076923077 0.046875 0.06850961538461539
1 0.5961538461538461 0.4026442307692308 0.019230769230769232 0.015625