1 0.6370192307692307 0.3449519230769231 0.09134615384615384 0.0733173076923077
1 0.7019230769230769 0.33653846153846156 0.020432692307692308 0.02403846153846154
1 0.734375 0.34375 0.030048076923076924 0.020432692307692308
1 0.5769230769230769 0.5 0.018028846153846152 0.025240384615384616
1 0.38221153846153844 0.7403846153846154 0.020432692307692308 0.026442307692307692
1 0.3161057692307692 0.6526442307692307 0.009615384615384616 0.013221153846153846
1 0.3245192307692308 0.7139423076923077 0.040865384615384616 0.056490384615384616
1 0.25600961538461536 0.6730769230769231 0.08774038461538461 0.078125
1 0.25 0.6237980769230769 0.010817307692307692 0.013221153846153846
2 0.28365384615384615 0.3233173076923077 0.008413461538461538 0.010817307692307692
2 0.3112980769230769 0.2548076923076923 0.006009615384615385 0.009615384615384616
2 0.2956730769230769 0.234375 0.007211538461538462 0.009615384615384616
2 0.2403846153846154 0.20192307692307693 0.004807692307692308 0.008413461538461538
2 0.11298076923076923 0.18870192307692307 0.007211538461538462 0.009615384615384616
0 0.30408653846153844 0.7704326923076923 0.04326923076923077 0.037259615384615384
0 0.46033653846153844 0.9122596153846154 0.13822115384615385 0.06009615384615385
0 0.5625 0.8329326923076923 0.0673076923076923 0.04927884615384615
0 0.43149038461538464 0.7740384615384616 0.05889423076923077 0.025240384615384616
0 0.4014423076923077 0.6826923076923077 0.06610576923076923 0.030048076923076924
0 0.4110576923076923 0.5997596153846154 0.18028846153846154 0.11538461538461539
0 0.44591346153846156 0.4411057692307692 0.06370192307692307 0.052884615384615384