1 0.16947115384615385 0.4074519230769231 0.05889423076923077 0.02283653846153846
1 0.22596153846153846 0.5516826923076923 0.014423076923076924 0.04447115384615385
1 0.22355769230769232 0.46274038461538464 0.015625 0.010817307692307692
1 0.21754807692307693 0.4879807692307692 0.009615384615384616 0.026442307692307692
1 0.22355769230769232 0.44350961538461536 0.01201923076923077 0.009615384615384616
1 0.40865384615384615 0.24158653846153846 0.14783653846153846 0.10336538461538461
1 0.2704326923076923 0.21033653846153846 0.10817307692307693 0.04927884615384615
1 0.25841346153846156 0.2776442307692308 0.013221153846153846 0.009615384615384616
1 0.2800480769230769 0.36778846153846156 0.1141826923076923 0.052884615384615384
1 0.18028846153846154 0.8858173076923077 0.028846153846153848 0.04807692307692308
1 0.20552884615384615 0.9435096153846154 0.038461538461538464 0.02283653846153846
1 0.1935096153846154 0.8221153846153846 0.018028846153846152 0.05048076923076923
1 0.10817307692307693 0.8774038461538461 0.030048076923076924 0.03365384615384615
1 0.125 0.9507211538461539 0.06009615384615385 0.05048076923076923
0 0.4987980769230769 0.37259615384615385 0.025240384615384616 0.030048076923076924
0 0.4098557692307692 0.4795673076923077 0.078125 0.042067307692307696
0 0.6610576923076923 0.7067307692307693 0.09375 0.13581730769230768
0 0.49278846153846156 0.6875 0.027644230769230768 0.12259615384615384
0 0.4170673076923077 0.6334134615384616 0.06490384615384616 0.042067307692307696
0 0.5276442307692307 0.5036057692307693 0.057692307692307696 0.051682692307692304
0 0.5805288461538461 0.44350961538461536 0.055288461538461536 0.04567307692307692
1 0.20793269230769232 0.9735576923076923 0.007211538461538462 0.006009615384615385
1 0.2283653846153846 0.9807692307692307 0.007211538461538462 0.006009615384615385
1 0.18509615384615385 0.9819711538461539 0.008413461538461538 0.004807692307692308