0 0.3173076923076923 0.31971153846153844 0.07211538461538461 0.04326923076923077
0 0.546875 0.3629807692307692 0.16466346153846154 0.03125
0 0.7259615384615384 0.5300480769230769 0.1466346153846154 0.09495192307692307
0 0.47475961538461536 0.4411057692307692 0.019230769230769232 0.04567307692307692
0 0.5649038461538461 0.6189903846153846 0.054086538461538464 0.06129807692307692
0 0.5661057692307693 0.6911057692307693 0.06490384615384616 0.04567307692307692
2 0.9206730769230769 0.2776442307692308 0.015625 0.009615384615384616
2 0.9603365384615384 0.2932692307692308 0.006009615384615385 0.008413461538461538
2 0.984375 0.3088942307692308 0.008413461538461538 0.008413461538461538
2 0.9338942307692307 0.2980769230769231 0.010817307692307692 0.009615384615384616
2 0.9362980769230769 0.49038461538461536 0.015625 0.02403846153846154
2 0.9002403846153846 0.6826923076923077 0.021634615384615384 0.015625
2 0.9182692307692307 0.7139423076923077 0.01201923076923077 0.009615384615384616
2 0.9543269230769231 0.6971153846153846 0.010817307692307692 0.015625
2 0.37740384615384615 0.3557692307692308 0.019230769230769232 0.010817307692307692
1 0.3581730769230769 0.6838942307692307 0.046875 0.028846153846153848
1 0.38461538461538464 0.6466346153846154 0.056490384615384616 0.04326923076923077
1 0.42908653846153844 0.6129807692307693 0.039663461538461536 0.03485576923076923
1 0.7103365384615384 0.44711538461538464 0.016826923076923076 0.06850961538461539
1 0.7091346153846154 0.35697115384615385 0.04326923076923077 0.06850961538461539