0 0.5745192307692307 0.296875 0.06009615384615385 0.056490384615384616
0 0.35216346153846156 0.5072115384615384 0.016826923076923076 0.021634615384615384
0 0.421875 0.5552884615384616 0.05889423076923077 0.1045673076923077
0 0.5925480769230769 0.5012019230769231 0.054086538461538464 0.07692307692307693
0 0.75 0.44591346153846156 0.24158653846153846 0.07091346153846154
0 0.7235576923076923 0.6141826923076923 0.13581730769230768 0.07692307692307693
0 0.5901442307692307 0.7836538461538461 0.08533653846153846 0.09014423076923077
0 0.35216346153846156 0.7536057692307693 0.3233173076923077 0.22115384615384615
2 0.6177884615384616 0.703125 0.09735576923076923 0.051682692307692304
2 0.9567307692307693 0.8641826923076923 0.05048076923076923 0.03365384615384615
2 0.9350961538461539 0.140625 0.04807692307692308 0.02283653846153846
2 0.625 0.5685096153846154 0.039663461538461536 0.013221153846153846
2 0.7067307692307693 0.671875 0.042067307692307696 0.042067307692307696
2 0.8990384615384616 0.14543269230769232 0.02403846153846154 0.025240384615384616
2 0.8774038461538461 0.09134615384615384 0.03245192307692308 0.03245192307692308