1 0.07211538461538461 0.20673076923076922 0.0733173076923077 0.08052884615384616
1 0.14423076923076922 0.2439903846153846 0.05048076923076923 0.056490384615384616
1 0.15865384615384615 0.3245192307692308 0.06129807692307692 0.08413461538461539
1 0.1141826923076923 0.3161057692307692 0.019230769230769232 0.0673076923076923
1 0.0829326923076923 0.3401442307692308 0.03245192307692308 0.038461538461538464
1 0.06490384615384616 0.3713942307692308 0.014423076923076924 0.015625
1 0.07451923076923077 0.40024038461538464 0.030048076923076924 0.026442307692307692
1 0.0829326923076923 0.42908653846153844 0.015625 0.01201923076923077
1 0.07091346153846154 0.4699519230769231 0.028846153846153848 0.013221153846153846
1 0.2127403846153846 0.3605769230769231 0.026442307692307692 0.014423076923076924
1 0.17668269230769232 0.47596153846153844 0.018028846153846152 0.014423076923076924
1 0.31009615384615385 0.5168269230769231 0.025240384615384616 0.021634615384615384
1 0.23798076923076922 0.5264423076923077 0.013221153846153846 0.008413461538461538
1 0.36538461538461536 0.40865384615384615 0.020432692307692308 0.021634615384615384
1 0.2536057692307692 0.42908653846153844 0.1201923076923077 0.1466346153846154
1 0.1141826923076923 0.5408653846153846 0.026442307692307692 0.020432692307692308
1 0.13581730769230768 0.5240384615384616 0.0889423076923077 0.140625
1 0.10817307692307693 0.6490384615384616 0.02283653846153846 0.030048076923076924
1 0.08653846153846154 0.7331730769230769 0.06490384615384616 0.06370192307692307
1 0.14543269230769232 0.7127403846153846 0.03365384615384615 0.037259615384615384