1 0.43149038461538464 0.23317307692307693 0.027644230769230768 0.016826923076923076
1 0.41466346153846156 0.2127403846153846 0.026442307692307692 0.02283653846153846
1 0.7992788461538461 0.32211538461538464 0.04447115384615385 0.03365384615384615
1 0.9663461538461539 0.3762019230769231 0.038461538461538464 0.03485576923076923
1 0.21634615384615385 0.3329326923076923 0.039663461538461536 0.026442307692307692
1 0.3076923076923077 0.5444711538461539 0.056490384615384616 0.06370192307692307
1 0.3173076923076923 0.6069711538461539 0.014423076923076924 0.02403846153846154
1 0.4110576923076923 0.609375 0.018028846153846152 0.016826923076923076
1 0.5084134615384616 0.7103365384615384 0.020432692307692308 0.018028846153846152
1 0.6598557692307693 0.7295673076923077 0.013221153846153846 0.036057692307692304
1 0.6646634615384616 0.6995192307692307 0.021634615384615384 0.016826923076923076
1 0.6646634615384616 0.6201923076923077 0.11057692307692307 0.13701923076923078
0 0.46153846153846156 0.6213942307692307 0.07211538461538461 0.08774038461538461
0 0.44350961538461536 0.5072115384615384 0.04567307692307692 0.040865384615384616
0 0.5420673076923077 0.4987980769230769 0.12259615384615384 0.07932692307692307
0 0.5552884615384616 0.5384615384615384 0.020432692307692308 0.025240384615384616
0 0.6430288461538461 0.5192307692307693 0.02283653846153846 0.03365384615384615
0 0.640625 0.4963942307692308 0.057692307692307696 0.019230769230769232
0 0.5144230769230769 0.4170673076923077 0.051682692307692304 0.020432692307692308