1 0.5240384615384616 0.44350961538461536 0.018028846153846152 0.025240384615384616
1 0.6310096153846154 0.2536057692307692 0.019230769230769232 0.027644230769230768
1 0.6622596153846154 0.2644230769230769 0.03125 0.03245192307692308
1 0.5649038461538461 0.28125 0.09375 0.07451923076923077
1 0.359375 0.7247596153846154 0.020432692307692308 0.025240384615384616
1 0.2800480769230769 0.6514423076923077 0.014423076923076924 0.01201923076923077
1 0.2127403846153846 0.6346153846153846 0.007211538461538462 0.014423076923076924
1 0.22355769230769232 0.6850961538461539 0.09375 0.0733173076923077
1 0.2980769230769231 0.7103365384615384 0.040865384615384616 0.056490384615384616
2 0.019230769230769232 0.23317307692307693 0.009615384615384616 0.01201923076923077
2 0.14783653846153846 0.21514423076923078 0.008413461538461538 0.009615384615384616
2 0.2091346153846154 0.23677884615384615 0.009615384615384616 0.01201923076923077
2 0.22596153846153846 0.25600961538461536 0.009615384615384616 0.01201923076923077
2 0.20793269230769232 0.3293269230769231 0.01201923076923077 0.014423076923076924
0 0.2848557692307692 0.7716346153846154 0.04326923076923077 0.036057692307692304
0 0.4567307692307692 0.8798076923076923 0.13701923076923078 0.06370192307692307
0 0.5480769230769231 0.7776442307692307 0.0625 0.06009615384615385
0 0.4110576923076923 0.7439903846153846 0.054086538461538464 0.019230769230769232
0 0.3713942307692308 0.6622596153846154 0.06971153846153846 0.025240384615384616
0 0.3701923076923077 0.5769230769230769 0.18509615384615385 0.08052884615384616
0 0.3870192307692308 0.41466346153846156 0.06370192307692307 0.06129807692307692