1 0.453125 0.6117788461538461 0.02283653846153846 0.016826923076923076
1 0.37259615384615385 0.7163461538461539 0.05048076923076923 0.046875
1 0.3786057692307692 0.640625 0.06129807692307692 0.09975961538461539
1 0.4206730769230769 0.6983173076923077 0.010817307692307692 0.009615384615384616
1 0.5060096153846154 0.65625 0.015625 0.013221153846153846
1 0.6802884615384616 0.5384615384615384 0.03245192307692308 0.03245192307692308
1 0.6826923076923077 0.4963942307692308 0.039663461538461536 0.046875
2 0.5252403846153846 0.7752403846153846 0.027644230769230768 0.014423076923076924
0 0.5348557692307693 0.6069711538461539 0.02403846153846154 0.026442307692307692
0 0.6850961538461539 0.6177884615384616 0.040865384615384616 0.036057692307692304
0 0.53125 0.45913461538461536 0.04447115384615385 0.03485576923076923
0 0.4362980769230769 0.47836538461538464 0.036057692307692304 0.04447115384615385
0 0.4495192307692308 0.3942307692307692 0.055288461538461536 0.03245192307692308
0 0.5853365384615384 0.33533653846153844 0.040865384615384616 0.09375