0 0.4495192307692308 0.28365384615384615 0.057692307692307696 0.04326923076923077
1 0.6358173076923077 0.26802884615384615 0.021634615384615384 0.014423076923076924
1 0.5324519230769231 0.2920673076923077 0.08653846153846154 0.17307692307692307
1 0.39663461538461536 0.4230769230769231 0.03485576923076923 0.028846153846153848
1 0.4266826923076923 0.49278846153846156 0.09975961538461539 0.052884615384615384
1 0.609375 0.5288461538461539 0.04447115384615385 0.046875
1 0.6033653846153846 0.4675480769230769 0.010817307692307692 0.04807692307692308
0 0.7283653846153846 0.36778846153846156 0.03365384615384615 0.042067307692307696
0 0.7127403846153846 0.19110576923076922 0.08413461538461539 0.0673076923076923
0 0.3798076923076923 0.6947115384615384 0.030048076923076924 0.027644230769230768
0 0.5300480769230769 0.6442307692307693 0.04927884615384615 0.028846153846153848