1 0.21995192307692307 0.24759615384615385 0.10817307692307693 0.046875
1 0.21033653846153846 0.31490384615384615 0.010817307692307692 0.01201923076923077
1 0.3557692307692308 0.27403846153846156 0.15144230769230768 0.09735576923076923
1 0.23918269230769232 0.4014423076923077 0.10817307692307693 0.054086538461538464
1 0.12980769230769232 0.44591346153846156 0.056490384615384616 0.020432692307692308
1 0.18870192307692307 0.4987980769230769 0.01201923076923077 0.01201923076923077
1 0.19831730769230768 0.5865384615384616 0.021634615384615384 0.04447115384615385
1 0.1814903846153846 0.4651442307692308 0.016826923076923076 0.03125
1 0.18629807692307693 0.5240384615384616 0.009615384615384616 0.030048076923076924
1 0.1814903846153846 0.8569711538461539 0.020432692307692308 0.042067307692307696
1 0.18509615384615385 0.9362980769230769 0.02283653846153846 0.018028846153846152
1 0.17067307692307693 0.9134615384615384 0.019230769230769232 0.021634615384615384
1 0.2091346153846154 0.9807692307692307 0.04927884615384615 0.018028846153846152
1 0.10216346153846154 0.9146634615384616 0.036057692307692304 0.03245192307692308
1 0.09134615384615384 0.9543269230769231 0.040865384615384616 0.04927884615384615
1 0.1346153846153846 0.9759615384615384 0.03245192307692308 0.01201923076923077
1 0.11899038461538461 0.9927884615384616 0.03125 0.014423076923076924
0 0.3737980769230769 0.5072115384615384 0.07932692307692307 0.037259615384615384
0 0.45552884615384615 0.39663461538461536 0.026442307692307692 0.028846153846153848
0 0.5408653846153846 0.46274038461538464 0.054086538461538464 0.046875
0 0.4951923076923077 0.5252403846153846 0.06009615384615385 0.05048076923076923
0 0.39302884615384615 0.6598557692307693 0.0673076923076923 0.04447115384615385
0 0.6466346153846154 0.7247596153846154 0.10817307692307693 0.1310096153846154
0 0.47716346153846156 0.7103365384615384 0.028846153846153848 0.12740384615384615