1 0.5949519230769231 0.5324519230769231 0.10576923076923077 0.1310096153846154
1 0.6322115384615384 0.6165865384615384 0.02283653846153846 0.020432692307692308
1 0.5216346153846154 0.5733173076923077 0.016826923076923076 0.01201923076923077
1 0.5697115384615384 0.6213942307692307 0.014423076923076924 0.009615384615384616
1 0.44350961538461536 0.47596153846153844 0.016826923076923076 0.016826923076923076
1 0.4483173076923077 0.5024038461538461 0.021634615384615384 0.02283653846153846
1 0.45072115384615385 0.5276442307692307 0.015625 0.010817307692307692
1 0.46153846153846156 0.45072115384615385 0.021634615384615384 0.03245192307692308
1 0.4362980769230769 0.5625 0.019230769230769232 0.01201923076923077
1 0.4651442307692308 0.6298076923076923 0.020432692307692308 0.021634615384615384
1 0.484375 0.6153846153846154 0.06971153846153846 0.13221153846153846
1 0.44711538461538464 0.7271634615384616 0.026442307692307692 0.026442307692307692
1 0.4182692307692308 0.8064903846153846 0.056490384615384616 0.06129807692307692
1 0.4699519230769231 0.7908653846153846 0.03245192307692308 0.03365384615384615