1 0.5348557692307693 0.4483173076923077 0.10697115384615384 0.12860576923076922
1 0.5805288461538461 0.5276442307692307 0.025240384615384616 0.020432692307692308
1 0.38822115384615385 0.375 0.027644230769230768 0.03365384615384615
1 0.375 0.4026442307692308 0.015625 0.014423076923076924
1 0.38341346153846156 0.42788461538461536 0.02283653846153846 0.02283653846153846
1 0.390625 0.453125 0.014423076923076924 0.010817307692307692
1 0.4206730769230769 0.5516826923076923 0.02283653846153846 0.020432692307692308
1 0.38341346153846156 0.4891826923076923 0.019230769230769232 0.01201923076923077
1 0.4675480769230769 0.49158653846153844 0.015625 0.014423076923076924
1 0.4362980769230769 0.5348557692307693 0.07451923076923077 0.12980769230769232
1 0.41225961538461536 0.6466346153846154 0.016826923076923076 0.025240384615384616
1 0.44471153846153844 0.7055288461538461 0.028846153846153848 0.03365384615384615
1 0.39783653846153844 0.7223557692307693 0.056490384615384616 0.055288461538461536