0 0.2932692307692308 0.46634615384615385 0.014423076923076924 0.021634615384615384
2 0.6009615384615384 0.6358173076923077 0.13581730769230768 0.051682692307692304
2 0.6454326923076923 0.7331730769230769 0.039663461538461536 0.021634615384615384
2 0.9447115384615384 0.1310096153846154 0.10817307692307693 0.06490384615384616
2 0.75 0.6177884615384616 0.027644230769230768 0.04567307692307692
2 0.7127403846153846 0.5805288461538461 0.04567307692307692 0.018028846153846152
2 0.8125 0.15625 0.06009615384615385 0.2127403846153846
0 0.4699519230769231 0.24158653846153846 0.06850961538461539 0.055288461538461536
0 0.5228365384615384 0.4375 0.040865384615384616 0.08052884615384616
0 0.36899038461538464 0.5048076923076923 0.06971153846153846 0.09254807692307693
0 0.671875 0.375 0.24158653846153846 0.08052884615384616
0 0.6634615384615384 0.5336538461538461 0.12259615384615384 0.08052884615384616
0 0.5649038461538461 0.7067307692307693 0.0985576923076923 0.0829326923076923
0 0.3401442307692308 0.6935096153846154 0.26322115384615385 0.22235576923076922